256  
4    

1    
  0.0100000000000000   0.0000000000000000   0.0000000000000000
  -0.1936693747   -0.0000000000   -0.0000000000
   0.0415374213   -0.0000000000   -0.0000000000
   0.0119722523   -0.0000000000   -0.0000000000
   0.0409966688   -0.0000000000   -0.0000000000
  -0.0066556915   -0.0000056384   -0.0000000000
   0.0021317915    0.0094541589   -0.0000000000
   0.0033111180    0.0000111246   -0.0000000000
   0.0021375091   -0.0093666378   -0.0000000000
  -0.0007917813   -0.0000000000   -0.0000000000
   0.0001478464   -0.0000000000   -0.0000000000
   0.0004468125   -0.0000000000   -0.0000000000
   0.0001534929   -0.0000000000   -0.0000000000
  -0.0066556915    0.0000056384   -0.0000000000
   0.0021317915   -0.0094541589   -0.0000000000
   0.0033111180   -0.0000111246   -0.0000000000
   0.0021375091    0.0093666378   -0.0000000000
  -0.0066556915   -0.0000000000   -0.0000056384
   0.0021317915   -0.0000000000    0.0094541589
   0.0033111180   -0.0000000000    0.0000111246
   0.0021375091   -0.0000000000   -0.0093666378
  -0.0012953771   -0.0000016798   -0.0000016798
   0.0000846682    0.0020844950    0.0020844950
   0.0011355873    0.0000022850    0.0000022850
   0.0000909963   -0.0020718613   -0.0020718613
  -0.0001957998   -0.0000000000   -0.0000022689
   0.0000084660    0.0000000000    0.0003221203
   0.0001778271   -0.0000000000    0.0000002246
   0.0000107268   -0.0000000000   -0.0003221811
  -0.0012953771    0.0000016798   -0.0000016798
   0.0000846682   -0.0020844950    0.0020844950
   0.0011355873   -0.0000022850    0.0000022850
   0.0000909963    0.0020718613   -0.0020718613
  -0.0007917813   -0.0000000000   -0.0000000000
   0.0001478464   -0.0000000000   -0.0000000000
   0.0004468125   -0.0000000000   -0.0000000000
   0.0001534929   -0.0000000000   -0.0000000000
  -0.0001957998   -0.0000022689    0.0000000000
   0.0000084660    0.0003221203    0.0000000000
   0.0001778271    0.0000002246    0.0000000000
   0.0000107268   -0.0003221811   -0.0000000000
  -0.0000231093   -0.0000000000   -0.0000000000
   0.0000030280   -0.0000000000   -0.0000000000
   0.0000221357   -0.0000000000   -0.0000000000
   0.0000034575   -0.0000000000   -0.0000000000
  -0.0001957998    0.0000022689   -0.0000000000
   0.0000084660   -0.0003221203   -0.0000000000
   0.0001778271   -0.0000002246   -0.0000000000
   0.0000107268    0.0003221811   -0.0000000000
  -0.0066556915   -0.0000000000    0.0000056384
   0.0021317915   -0.0000000000   -0.0094541589
   0.0033111180   -0.0000000000   -0.0000111246
   0.0021375091   -0.0000000000    0.0093666378
  -0.0012953771   -0.0000016798    0.0000016798
   0.0000846682    0.0020844950   -0.0020844950
   0.0011355873    0.0000022850   -0.0000022850
   0.0000909963   -0.0020718613    0.0020718613
  -0.0001957998   -0.0000000000    0.0000022689
   0.0000084660   -0.0000000000   -0.0003221203
   0.0001778271   -0.0000000000   -0.0000002246
   0.0000107268   -0.0000000000    0.0003221811
  -0.0012953771    0.0000016798    0.0000016798
   0.0000846682   -0.0020844950   -0.0020844950
   0.0011355873   -0.0000022850   -0.0000022850
   0.0000909963    0.0020718613    0.0020718613
   0.0101002398   -0.0002899494    0.0000000000
  -0.0031558300   -0.0083949437    0.0000000000
  -0.0016447573   -0.0000083367    0.0000000000
  -0.0030951586    0.0083038458    0.0000000000
   0.0005039711    0.0000051297    0.0000000000
  -0.0001562947   -0.0018802905    0.0000000000
  -0.0003165496   -0.0000022233   -0.0000000000
  -0.0001600379    0.0018631959    0.0000000000
   0.0005039711   -0.0000051297    0.0000000000
  -0.0001562947    0.0018802905    0.0000000000
  -0.0003165496    0.0000022233   -0.0000000000
  -0.0001600379   -0.0018631959   -0.0000000000
   0.0101002398    0.0002899494    0.0000000000
  -0.0031558300    0.0083949437    0.0000000000
  -0.0016447573    0.0000083367    0.0000000000
  -0.0030951586   -0.0083038458    0.0000000000
   0.0009548267    0.0000002200   -0.0000018341
  -0.0001470964   -0.0015415833   -0.0010395726
  -0.0004640313   -0.0000022722   -0.0000012544
  -0.0001483827    0.0015280478    0.0010309803
   0.0001144777    0.0000019514    0.0000005134
   0.0000007049   -0.0004925535   -0.0001842509
  -0.0001141061   -0.0000003200   -0.0000001478
  -0.0000002490    0.0004913720    0.0001835140
   0.0001144777   -0.0000019514    0.0000005134
   0.0000007049    0.0004925535   -0.0001842509
  -0.0001141061    0.0000003200   -0.0000001478
  -0.0000002490   -0.0004913720    0.0001835140
   0.0009548267   -0.0000002200   -0.0000018341
  -0.0001470964    0.0015415833   -0.0010395726
  -0.0004640313    0.0000022722   -0.0000012544
  -0.0001483827   -0.0015280478    0.0010309803
   0.0001083084    0.0000014568   -0.0000000000
  -0.0000241557   -0.0002405652   -0.0000000000
  -0.0000758263   -0.0000001759   -0.0000000000
  -0.0000248956    0.0002401222   -0.0000000000
   0.0000183130    0.0000010668    0.0000000000
  -0.0000001697   -0.0000879001    0.0000000000
  -0.0000195602   -0.0000000511    0.0000000000
  -0.0000004414    0.0000883132    0.0000000000
   0.0000183130   -0.0000010668    0.0000000000
  -0.0000001697    0.0000879001    0.0000000000
  -0.0000195602    0.0000000511    0.0000000000
  -0.0000004414   -0.0000883132    0.0000000000
   0.0001083084   -0.0000014568    0.0000000000
  -0.0000241557    0.0002405652    0.0000000000
  -0.0000758263    0.0000001759    0.0000000000
  -0.0000248956   -0.0002401222    0.0000000000
   0.0009548267    0.0000002200    0.0000018341
  -0.0001470964   -0.0015415833    0.0010395726
  -0.0004640313   -0.0000022722    0.0000012544
  -0.0001483827    0.0015280478   -0.0010309803
   0.0001144777    0.0000019514   -0.0000005134
   0.0000007049   -0.0004925535    0.0001842509
  -0.0001141061   -0.0000003200    0.0000001478
  -0.0000002490    0.0004913720   -0.0001835140
   0.0001144777   -0.0000019514   -0.0000005134
   0.0000007049    0.0004925535    0.0001842509
  -0.0001141061    0.0000003200    0.0000001478
  -0.0000002490   -0.0004913720   -0.0001835140
   0.0009548267   -0.0000002200    0.0000018341
  -0.0001470964    0.0015415833    0.0010395726
  -0.0004640313    0.0000022722    0.0000012544
  -0.0001483827   -0.0015280478   -0.0010309803
   0.0585362049    0.0000000000    0.0000000000
  -0.0124597103    0.0000000000    0.0000000000
  -0.0123591380    0.0000000000    0.0000000000
   0.0535084769    0.0000000000    0.0000000000
   0.0019044309   -0.0015197895    0.0000000000
  -0.0021193415   -0.0008443060    0.0000000000
  -0.0021068585    0.0008363593    0.0000000000
   0.0018799798    0.0014959129    0.0000000000
   0.0003595102    0.0000000000    0.0000000000
  -0.0003353131    0.0000000000    0.0000000000
  -0.0003355760    0.0000000000   -0.0000000000
   0.0003538623    0.0000000000    0.0000000000
   0.0019044309    0.0015197895    0.0000000000
  -0.0021193415    0.0008443060    0.0000000000
  -0.0021068585   -0.0008363593    0.0000000000
   0.0018799798   -0.0014959129    0.0000000000
   0.0019044309    0.0000000000   -0.0015197895
  -0.0021193415    0.0000000000   -0.0008443060
  -0.0021068585    0.0000000000    0.0008363593
   0.0018799798    0.0000000000    0.0014959129
   0.0006374158   -0.0002352059   -0.0002352059
  -0.0006198882   -0.0001998645   -0.0001998645
  -0.0006195221    0.0001979138    0.0001979138
   0.0006298215    0.0002326605    0.0002326605
   0.0001081946   -0.0000000000   -0.0000390238
  -0.0001034710    0.0000000000   -0.0000364860
  -0.0001040389    0.0000000000    0.0000364198
   0.0001059734    0.0000000000    0.0000394450
   0.0006374158    0.0002352059   -0.0002352059
  -0.0006198882    0.0001998645   -0.0001998645
  -0.0006195221   -0.0001979138    0.0001979138
   0.0006298215   -0.0002326605    0.0002326605
   0.0003595102    0.0000000000   -0.0000000000
  -0.0003353131   -0.0000000000    0.0000000000
  -0.0003355760   -0.0000000000    0.0000000000
   0.0003538623    0.0000000000    0.0000000000
   0.0001081946   -0.0000390238   -0.0000000000
  -0.0001034710   -0.0000364860    0.0000000000
  -0.0001040389    0.0000364198    0.0000000000
   0.0001059734    0.0000394450    0.0000000000
   0.0000124894   -0.0000000000   -0.0000000000
  -0.0000131956    0.0000000000    0.0000000000
  -0.0000133316    0.0000000000    0.0000000000
   0.0000121736    0.0000000000    0.0000000000
   0.0001081946    0.0000390238   -0.0000000000
  -0.0001034710    0.0000364860    0.0000000000
  -0.0001040389   -0.0000364198    0.0000000000
   0.0001059734   -0.0000394450    0.0000000000
   0.0019044309    0.0000000000    0.0015197895
  -0.0021193415    0.0000000000    0.0008443060
  -0.0021068585    0.0000000000   -0.0008363593
   0.0018799798    0.0000000000   -0.0014959129
   0.0006374158   -0.0002352059    0.0002352059
  -0.0006198882   -0.0001998645    0.0001998645
  -0.0006195221    0.0001979138   -0.0001979138
   0.0006298215    0.0002326605   -0.0002326605
   0.0001081946   -0.0000000000    0.0000390238
  -0.0001034710    0.0000000000    0.0000364860
  -0.0001040389    0.0000000000   -0.0000364198
   0.0001059734    0.0000000000   -0.0000394450
   0.0006374158    0.0002352059    0.0002352059
  -0.0006198882    0.0001998645    0.0001998645
  -0.0006195221   -0.0001979138   -0.0001979138
   0.0006298215   -0.0002326605   -0.0002326605
   0.0101002398    0.0000000000   -0.0002899494
  -0.0031558300    0.0000000000   -0.0083949437
  -0.0016447573    0.0000000000   -0.0000083367
  -0.0030951586    0.0000000000    0.0083038458
   0.0009548267   -0.0000018341    0.0000002200
  -0.0001470964   -0.0010395726   -0.0015415833
  -0.0004640313   -0.0000012544   -0.0000022722
  -0.0001483827    0.0010309803    0.0015280478
   0.0001083084    0.0000000000    0.0000014568
  -0.0000241557   -0.0000000000   -0.0002405652
  -0.0000758263    0.0000000000   -0.0000001759
  -0.0000248956    0.0000000000    0.0002401222
   0.0009548267    0.0000018341    0.0000002200
  -0.0001470964    0.0010395726   -0.0015415833
  -0.0004640313    0.0000012544   -0.0000022722
  -0.0001483827   -0.0010309803    0.0015280478
   0.0005039711    0.0000000000    0.0000051297
  -0.0001562947    0.0000000000   -0.0018802905
  -0.0003165496   -0.0000000000   -0.0000022233
  -0.0001600379    0.0000000000    0.0018631959
   0.0001144777    0.0000005134    0.0000019514
   0.0000007049   -0.0001842509   -0.0004925535
  -0.0001141061   -0.0000001478   -0.0000003200
  -0.0000002490    0.0001835140    0.0004913720
   0.0000183130    0.0000000000    0.0000010668
  -0.0000001697    0.0000000000   -0.0000879001
  -0.0000195602    0.0000000000   -0.0000000511
  -0.0000004414   -0.0000000000    0.0000883132
   0.0001144777   -0.0000005134    0.0000019514
   0.0000007049    0.0001842509   -0.0004925535
  -0.0001141061    0.0000001478   -0.0000003200
  -0.0000002490   -0.0001835140    0.0004913720
   0.0005039711    0.0000000000   -0.0000051297
  -0.0001562947    0.0000000000    0.0018802905
  -0.0003165496    0.0000000000    0.0000022233
  -0.0001600379    0.0000000000   -0.0018631959
   0.0001144777    0.0000005134   -0.0000019514
   0.0000007049   -0.0001842509    0.0004925535
  -0.0001141061   -0.0000001478    0.0000003200
  -0.0000002490    0.0001835140   -0.0004913720
   0.0000183130    0.0000000000   -0.0000010668
  -0.0000001697    0.0000000000    0.0000879001
  -0.0000195602    0.0000000000    0.0000000511
  -0.0000004414    0.0000000000   -0.0000883132
   0.0001144777   -0.0000005134   -0.0000019514
   0.0000007049    0.0001842509    0.0004925535
  -0.0001141061    0.0000001478    0.0000003200
  -0.0000002490   -0.0001835140   -0.0004913720
   0.0101002398    0.0000000000    0.0002899494
  -0.0031558300    0.0000000000    0.0083949437
  -0.0016447573    0.0000000000    0.0000083367
  -0.0030951586    0.0000000000   -0.0083038458
   0.0009548267   -0.0000018341   -0.0000002200
  -0.0001470964   -0.0010395726    0.0015415833
  -0.0004640313   -0.0000012544    0.0000022722
  -0.0001483827    0.0010309803   -0.0015280478
   0.0001083084    0.0000000000   -0.0000014568
  -0.0000241557    0.0000000000    0.0002405652
  -0.0000758263    0.0000000000    0.0000001759
  -0.0000248956    0.0000000000   -0.0002401222
   0.0009548267    0.0000018341   -0.0000002200
  -0.0001470964    0.0010395726    0.0015415833
  -0.0004640313    0.0000012544    0.0000022722
  -0.0001483827   -0.0010309803   -0.0015280478

1    
 -0.0100000000000000   0.0000000000000000   0.0000000000000000
   0.1936693747   -0.0000000000   -0.0000000000
  -0.0409966688   -0.0000000000   -0.0000000000
  -0.0119722523   -0.0000000000   -0.0000000000
  -0.0415374213   -0.0000000000   -0.0000000000
   0.0066556915   -0.0000056384   -0.0000000000
  -0.0021375091   -0.0093666378   -0.0000000000
  -0.0033111180    0.0000111246   -0.0000000000
  -0.0021317915    0.0094541589   -0.0000000000
   0.0007917813   -0.0000000000   -0.0000000000
  -0.0001534929   -0.0000000000   -0.0000000000
  -0.0004468125   -0.0000000000   -0.0000000000
  -0.0001478464   -0.0000000000   -0.0000000000
   0.0066556915    0.0000056384   -0.0000000000
  -0.0021375091    0.0093666378   -0.0000000000
  -0.0033111180   -0.0000111246   -0.0000000000
  -0.0021317915   -0.0094541589   -0.0000000000
   0.0066556915   -0.0000000000   -0.0000056384
  -0.0021375091   -0.0000000000   -0.0093666378
  -0.0033111180   -0.0000000000    0.0000111246
  -0.0021317915   -0.0000000000    0.0094541589
   0.0012953771   -0.0000016798   -0.0000016798
  -0.0000909963   -0.0020718613   -0.0020718613
  -0.0011355873    0.0000022850    0.0000022850
  -0.0000846682    0.0020844950    0.0020844950
   0.0001957998   -0.0000000000   -0.0000022689
  -0.0000107268    0.0000000000   -0.0003221811
  -0.0001778271   -0.0000000000    0.0000002246
  -0.0000084660   -0.0000000000    0.0003221203
   0.0012953771    0.0000016798   -0.0000016798
  -0.0000909963    0.0020718613   -0.0020718613
  -0.0011355873   -0.0000022850    0.0000022850
  -0.0000846682   -0.0020844950    0.0020844950
   0.0007917813   -0.0000000000   -0.0000000000
  -0.0001534929   -0.0000000000   -0.0000000000
  -0.0004468125   -0.0000000000   -0.0000000000
  -0.0001478464   -0.0000000000   -0.0000000000
   0.0001957998   -0.0000022689   -0.0000000000
  -0.0000107268   -0.0003221811    0.0000000000
  -0.0001778271    0.0000002246   -0.0000000000
  -0.0000084660    0.0003221203   -0.0000000000
   0.0000231093   -0.0000000000   -0.0000000000
  -0.0000034575   -0.0000000000    0.0000000000
  -0.0000221357   -0.0000000000   -0.0000000000
  -0.0000030280   -0.0000000000   -0.0000000000
   0.0001957998    0.0000022689   -0.0000000000
  -0.0000107268    0.0003221811   -0.0000000000
  -0.0001778271   -0.0000002246   -0.0000000000
  -0.0000084660   -0.0003221203   -0.0000000000
   0.0066556915   -0.0000000000    0.0000056384
  -0.0021375091   -0.0000000000    0.0093666378
  -0.0033111180   -0.0000000000   -0.0000111246
  -0.0021317915   -0.0000000000   -0.0094541589
   0.0012953771   -0.0000016798    0.0000016798
  -0.0000909963   -0.0020718613    0.0020718613
  -0.0011355873    0.0000022850   -0.0000022850
  -0.0000846682    0.0020844950   -0.0020844950
   0.0001957998   -0.0000000000    0.0000022689
  -0.0000107268   -0.0000000000    0.0003221811
  -0.0001778271   -0.0000000000   -0.0000002246
  -0.0000084660   -0.0000000000   -0.0003221203
   0.0012953771    0.0000016798    0.0000016798
  -0.0000909963    0.0020718613    0.0020718613
  -0.0011355873   -0.0000022850   -0.0000022850
  -0.0000846682   -0.0020844950   -0.0020844950
  -0.0101002398   -0.0002899494    0.0000000000
   0.0030951586    0.0083038458    0.0000000000
   0.0016447573   -0.0000083367    0.0000000000
   0.0031558300   -0.0083949437    0.0000000000
  -0.0005039711    0.0000051297    0.0000000000
   0.0001600379    0.0018631959    0.0000000000
   0.0003165496   -0.0000022233   -0.0000000000
   0.0001562947   -0.0018802905    0.0000000000
  -0.0005039711   -0.0000051297    0.0000000000
   0.0001600379   -0.0018631959    0.0000000000
   0.0003165496    0.0000022233   -0.0000000000
   0.0001562947    0.0018802905    0.0000000000
  -0.0101002398    0.0002899494    0.0000000000
   0.0030951586   -0.0083038458    0.0000000000
   0.0016447573    0.0000083367    0.0000000000
   0.0031558300    0.0083949437    0.0000000000
  -0.0009548267    0.0000002200   -0.0000018341
   0.0001483827    0.0015280478    0.0010309803
   0.0004640313   -0.0000022722   -0.0000012544
   0.0001470964   -0.0015415833   -0.0010395726
  -0.0001144777    0.0000019514    0.0000005134
   0.0000002490    0.0004913720    0.0001835140
   0.0001141061   -0.0000003200   -0.0000001478
  -0.0000007049   -0.0004925535   -0.0001842509
  -0.0001144777   -0.0000019514    0.0000005134
   0.0000002490   -0.0004913720    0.0001835140
   0.0001141061    0.0000003200   -0.0000001478
  -0.0000007049    0.0004925535   -0.0001842509
  -0.0009548267   -0.0000002200   -0.0000018341
   0.0001483827   -0.0015280478    0.0010309803
   0.0004640313    0.0000022722   -0.0000012544
   0.0001470964    0.0015415833   -0.0010395726
  -0.0001083084    0.0000014568   -0.0000000000
   0.0000248956    0.0002401222   -0.0000000000
   0.0000758263   -0.0000001759   -0.0000000000
   0.0000241557   -0.0002405652   -0.0000000000
  -0.0000183130    0.0000010668    0.0000000000
   0.0000004414    0.0000883132    0.0000000000
   0.0000195602   -0.0000000511    0.0000000000
   0.0000001697   -0.0000879001    0.0000000000
  -0.0000183130   -0.0000010668    0.0000000000
   0.0000004414   -0.0000883132    0.0000000000
   0.0000195602    0.0000000511    0.0000000000
   0.0000001697    0.0000879001    0.0000000000
  -0.0001083084   -0.0000014568    0.0000000000
   0.0000248956   -0.0002401222    0.0000000000
   0.0000758263    0.0000001759    0.0000000000
   0.0000241557    0.0002405652    0.0000000000
  -0.0009548267    0.0000002200    0.0000018341
   0.0001483827    0.0015280478   -0.0010309803
   0.0004640313   -0.0000022722    0.0000012544
   0.0001470964   -0.0015415833    0.0010395726
  -0.0001144777    0.0000019514   -0.0000005134
   0.0000002490    0.0004913720   -0.0001835140
   0.0001141061   -0.0000003200    0.0000001478
  -0.0000007049   -0.0004925535    0.0001842509
  -0.0001144777   -0.0000019514   -0.0000005134
   0.0000002490   -0.0004913720   -0.0001835140
   0.0001141061    0.0000003200    0.0000001478
  -0.0000007049    0.0004925535    0.0001842509
  -0.0009548267   -0.0000002200    0.0000018341
   0.0001483827   -0.0015280478   -0.0010309803
   0.0004640313    0.0000022722    0.0000012544
   0.0001470964    0.0015415833    0.0010395726
  -0.0535084769    0.0000000000    0.0000000000
   0.0123591380    0.0000000000    0.0000000000
   0.0124597103    0.0000000000    0.0000000000
  -0.0585362049   -0.0000000000    0.0000000000
  -0.0018799798    0.0014959129    0.0000000000
   0.0021068585    0.0008363593    0.0000000000
   0.0021193415   -0.0008443060    0.0000000000
  -0.0019044309   -0.0015197895    0.0000000000
  -0.0003538623   -0.0000000000    0.0000000000
   0.0003355760    0.0000000000   -0.0000000000
   0.0003353131    0.0000000000    0.0000000000
  -0.0003595102    0.0000000000    0.0000000000
  -0.0018799798   -0.0014959129    0.0000000000
   0.0021068585   -0.0008363593    0.0000000000
   0.0021193415    0.0008443060    0.0000000000
  -0.0019044309    0.0015197895    0.0000000000
  -0.0018799798    0.0000000000    0.0014959129
   0.0021068585    0.0000000000    0.0008363593
   0.0021193415    0.0000000000   -0.0008443060
  -0.0019044309    0.0000000000   -0.0015197895
  -0.0006298215    0.0002326605    0.0002326605
   0.0006195221    0.0001979138    0.0001979138
   0.0006198882   -0.0001998645   -0.0001998645
  -0.0006374158   -0.0002352059   -0.0002352059
  -0.0001059734   -0.0000000000    0.0000394450
   0.0001040389    0.0000000000    0.0000364198
   0.0001034710    0.0000000000   -0.0000364860
  -0.0001081946    0.0000000000   -0.0000390238
  -0.0006298215   -0.0002326605    0.0002326605
   0.0006195221   -0.0001979138    0.0001979138
   0.0006198882    0.0001998645   -0.0001998645
  -0.0006374158    0.0002352059   -0.0002352059
  -0.0003538623    0.0000000000   -0.0000000000
   0.0003355760   -0.0000000000    0.0000000000
   0.0003353131   -0.0000000000    0.0000000000
  -0.0003595102    0.0000000000    0.0000000000
  -0.0001059734    0.0000394450    0.0000000000
   0.0001040389    0.0000364198    0.0000000000
   0.0001034710   -0.0000364860    0.0000000000
  -0.0001081946   -0.0000390238    0.0000000000
  -0.0000121736   -0.0000000000   -0.0000000000
   0.0000133316    0.0000000000    0.0000000000
   0.0000131956    0.0000000000    0.0000000000
  -0.0000124894    0.0000000000    0.0000000000
  -0.0001059734   -0.0000394450   -0.0000000000
   0.0001040389   -0.0000364198    0.0000000000
   0.0001034710    0.0000364860    0.0000000000
  -0.0001081946    0.0000390238    0.0000000000
  -0.0018799798    0.0000000000   -0.0014959129
   0.0021068585    0.0000000000   -0.0008363593
   0.0021193415    0.0000000000    0.0008443060
  -0.0019044309    0.0000000000    0.0015197895
  -0.0006298215    0.0002326605   -0.0002326605
   0.0006195221    0.0001979138   -0.0001979138
   0.0006198882   -0.0001998645    0.0001998645
  -0.0006374158   -0.0002352059    0.0002352059
  -0.0001059734    0.0000000000   -0.0000394450
   0.0001040389    0.0000000000   -0.0000364198
   0.0001034710    0.0000000000    0.0000364860
  -0.0001081946    0.0000000000    0.0000390238
  -0.0006298215   -0.0002326605   -0.0002326605
   0.0006195221   -0.0001979138   -0.0001979138
   0.0006198882    0.0001998645    0.0001998645
  -0.0006374158    0.0002352059    0.0002352059
  -0.0101002398    0.0000000000   -0.0002899494
   0.0030951586    0.0000000000    0.0083038458
   0.0016447573    0.0000000000   -0.0000083367
   0.0031558300    0.0000000000   -0.0083949437
  -0.0009548267   -0.0000018341    0.0000002200
   0.0001483827    0.0010309803    0.0015280478
   0.0004640313   -0.0000012544   -0.0000022722
   0.0001470964   -0.0010395726   -0.0015415833
  -0.0001083084    0.0000000000    0.0000014568
   0.0000248956   -0.0000000000    0.0002401222
   0.0000758263    0.0000000000   -0.0000001759
   0.0000241557   -0.0000000000   -0.0002405652
  -0.0009548267    0.0000018341    0.0000002200
   0.0001483827   -0.0010309803    0.0015280478
   0.0004640313    0.0000012544   -0.0000022722
   0.0001470964    0.0010395726   -0.0015415833
  -0.0005039711    0.0000000000    0.0000051297
   0.0001600379    0.0000000000    0.0018631959
   0.0003165496    0.0000000000   -0.0000022233
   0.0001562947    0.0000000000   -0.0018802905
  -0.0001144777    0.0000005134    0.0000019514
   0.0000002490    0.0001835140    0.0004913720
   0.0001141061   -0.0000001478   -0.0000003200
  -0.0000007049   -0.0001842509   -0.0004925535
  -0.0000183130    0.0000000000    0.0000010668
   0.0000004414    0.0000000000    0.0000883132
   0.0000195602    0.0000000000   -0.0000000511
   0.0000001697    0.0000000000   -0.0000879001
  -0.0001144777   -0.0000005134    0.0000019514
   0.0000002490   -0.0001835140    0.0004913720
   0.0001141061    0.0000001478   -0.0000003200
  -0.0000007049    0.0001842509   -0.0004925535
  -0.0005039711    0.0000000000   -0.0000051297
   0.0001600379    0.0000000000   -0.0018631959
   0.0003165496    0.0000000000    0.0000022233
   0.0001562947    0.0000000000    0.0018802905
  -0.0001144777    0.0000005134   -0.0000019514
   0.0000002490    0.0001835140   -0.0004913720
   0.0001141061   -0.0000001478    0.0000003200
  -0.0000007049   -0.0001842509    0.0004925535
  -0.0000183130    0.0000000000   -0.0000010668
   0.0000004414    0.0000000000   -0.0000883132
   0.0000195602    0.0000000000    0.0000000511
   0.0000001697    0.0000000000    0.0000879001
  -0.0001144777   -0.0000005134   -0.0000019514
   0.0000002490   -0.0001835140   -0.0004913720
   0.0001141061    0.0000001478    0.0000003200
  -0.0000007049    0.0001842509    0.0004925535
  -0.0101002398    0.0000000000    0.0002899494
   0.0030951586    0.0000000000   -0.0083038458
   0.0016447573    0.0000000000    0.0000083367
   0.0031558300    0.0000000000    0.0083949437
  -0.0009548267   -0.0000018341   -0.0000002200
   0.0001483827    0.0010309803   -0.0015280478
   0.0004640313   -0.0000012544    0.0000022722
   0.0001470964   -0.0010395726    0.0015415833
  -0.0001083084    0.0000000000   -0.0000014568
   0.0000248956    0.0000000000   -0.0002401222
   0.0000758263    0.0000000000    0.0000001759
   0.0000241557    0.0000000000    0.0002405652
  -0.0009548267    0.0000018341   -0.0000002200
   0.0001483827   -0.0010309803   -0.0015280478
   0.0004640313    0.0000012544    0.0000022722
   0.0001470964    0.0010395726    0.0015415833

65   
  0.0070710678118655   0.0070710678118655   0.0000000000000000
   0.0072898720    0.0384592510   -0.0000000000
   0.0036936798    0.0024070787   -0.0000000000
  -0.0011596365    0.0002520846   -0.0000000000
  -0.0080962248    0.0002699834   -0.0000000000
   0.0069826132    0.0407258377   -0.0000000000
  -0.0081323518    0.0002737954   -0.0000000000
  -0.0011664724    0.0002523661   -0.0000000000
   0.0036946989    0.0024014793   -0.0000000000
   0.0003577731   -0.0087948931   -0.0000000000
  -0.0014391293   -0.0020914853   -0.0000000000
  -0.0002252748   -0.0002377192   -0.0000000000
   0.0012166164   -0.0008997353   -0.0000000000
   0.0003549521   -0.0087556487   -0.0000000000
   0.0012068683   -0.0009003961   -0.0000000000
  -0.0002223972   -0.0002366958   -0.0000000000
  -0.0014316252   -0.0020852947   -0.0000000000
   0.0006717068    0.0013357049    0.0059017403
   0.0009811082    0.0006151697    0.0003539738
  -0.0003268775    0.0000758925    0.0001693612
  -0.0011893073    0.0002824143    0.0018128589
   0.0006786684    0.0013404591   -0.0059067347
  -0.0011903220    0.0002828576   -0.0018219544
  -0.0003293790    0.0000755563   -0.0001705577
   0.0009806337    0.0006118086   -0.0003525919
   0.0000814219   -0.0014951868   -0.0013282560
  -0.0003485763   -0.0005803231   -0.0004795455
  -0.0000811090   -0.0000736030   -0.0000625615
   0.0003489253   -0.0002972249   -0.0002184666
   0.0000804682   -0.0014932920    0.0013188682
   0.0003471764   -0.0002979455    0.0002172524
  -0.0000802669   -0.0000731370    0.0000620445
  -0.0003468776   -0.0005774159    0.0004762889
   0.0000762362    0.0002518701   -0.0000000000
   0.0001525317    0.0001037368   -0.0000000000
  -0.0000534860    0.0000087601   -0.0000000000
  -0.0001869400    0.0000479237   -0.0000000000
   0.0000769308    0.0002525857   -0.0000000000
  -0.0001876609    0.0000480358    0.0000000000
  -0.0000537539    0.0000086790   -0.0000000000
   0.0001527043    0.0001032014   -0.0000000000
   0.0000130018   -0.0002374095   -0.0000000000
  -0.0000626715   -0.0000994441    0.0000000000
  -0.0000139135   -0.0000094092   -0.0000000000
   0.0000622393   -0.0000475582   -0.0000000000
   0.0000128953   -0.0002370088   -0.0000000000
   0.0000619379   -0.0000476284   -0.0000000000
  -0.0000137490   -0.0000093483   -0.0000000000
  -0.0000623693   -0.0000988502   -0.0000000000
   0.0006717068    0.0013357049   -0.0059017403
   0.0009811082    0.0006151697   -0.0003539738
  -0.0003268775    0.0000758925   -0.0001693612
  -0.0011893073    0.0002824143   -0.0018128589
   0.0006786684    0.0013404591    0.0059067347
  -0.0011903220    0.0002828576    0.0018219544
  -0.0003293790    0.0000755563    0.0001705577
   0.0009806337    0.0006118086    0.0003525919
   0.0000814219   -0.0014951868    0.0013282560
  -0.0003485763   -0.0005803231    0.0004795455
  -0.0000811090   -0.0000736030    0.0000625615
   0.0003489253   -0.0002972249    0.0002184666
   0.0000804682   -0.0014932920   -0.0013188682
   0.0003471764   -0.0002979455   -0.0002172524
  -0.0000802669   -0.0000731370   -0.0000620445
  -0.0003468776   -0.0005774159   -0.0004762889
  -0.0147099780   -0.1176677129    0.0000000000
   0.0005514686   -0.0025293487    0.0000000000
   0.0002750293   -0.0004175527    0.0000000000
   0.0005605043   -0.0025221920    0.0000000000
  -0.0000157637    0.0147550331    0.0000000000
   0.0008331741    0.0016059985    0.0000000000
   0.0001460492    0.0001392755    0.0000000000
  -0.0005310749    0.0002398968    0.0000000000
  -0.0000380148    0.0039829184    0.0000000000
   0.0000118744    0.0007528100    0.0000000000
   0.0000391383    0.0001419231    0.0000000000
   0.0000107763    0.0007511975    0.0000000000
  -0.0000260040    0.0146263114    0.0000000000
  -0.0005306810    0.0002408399    0.0000000000
   0.0001445402    0.0001384648    0.0000000000
   0.0008497722    0.0016193529    0.0000000000
  -0.0002344062   -0.0025257820   -0.0000039646
   0.0000723743   -0.0007762513    0.0002043138
   0.0000607479   -0.0001220596    0.0000000987
   0.0000780475   -0.0007725486   -0.0002090109
  -0.0000559203    0.0009242566    0.0006843521
   0.0001721638    0.0004170247    0.0002492218
   0.0000384858    0.0000359833    0.0000283287
  -0.0001607705    0.0000832791    0.0000840820
  -0.0000129257    0.0007520038    0.0000005652
  -0.0000014147    0.0002339368    0.0000208558
   0.0000154904    0.0000432886    0.0000000615
  -0.0000017974    0.0002330490   -0.0000203839
  -0.0000552564    0.0009291253   -0.0006883411
  -0.0001605559    0.0000829962   -0.0000841810
   0.0000381487    0.0000355238   -0.0000280986
   0.0001719321    0.0004146749   -0.0002479403
  -0.0000237462   -0.0004175508   -0.0000000000
   0.0000067061   -0.0001223630   -0.0000000000
   0.0000116738   -0.0000084485   -0.0000000000
   0.0000066029   -0.0001217558   -0.0000000000
  -0.0000163913    0.0001388485    0.0000000000
   0.0000295042    0.0000642353   -0.0000000000
   0.0000076641    0.0000005799    0.0000000000
  -0.0000270660    0.0000076055    0.0000000000
  -0.0000022159    0.0001419269    0.0000000000
  -0.0000002918    0.0000433678    0.0000000000
   0.0000025580    0.0000082995    0.0000000000
  -0.0000003625    0.0000432104    0.0000000000
  -0.0000162411    0.0001388829    0.0000000000
  -0.0000269364    0.0000074733    0.0000000000
   0.0000076021    0.0000004873    0.0000000000
   0.0000293493    0.0000636978    0.0000000000
  -0.0002344062   -0.0025257820    0.0000039646
   0.0000723743   -0.0007762513   -0.0002043138
   0.0000607479   -0.0001220596   -0.0000000987
   0.0000780475   -0.0007725486    0.0002090109
  -0.0000559203    0.0009242566   -0.0006843521
   0.0001721638    0.0004170247   -0.0002492218
   0.0000384858    0.0000359833   -0.0000283287
  -0.0001607705    0.0000832791   -0.0000840820
  -0.0000129257    0.0007520038   -0.0000005652
  -0.0000014147    0.0002339368   -0.0000208558
   0.0000154904    0.0000432886   -0.0000000615
  -0.0000017974    0.0002330490    0.0000203839
  -0.0000552564    0.0009291253    0.0006883411
  -0.0001605559    0.0000829962    0.0000841810
   0.0000381487    0.0000355238    0.0000280986
   0.0001719321    0.0004146749    0.0002479403
  -0.0084395589   -0.0015092917    0.0000000000
  -0.0003622843   -0.0001838243    0.0000000000
   0.0020574057   -0.0000672913    0.0000000000
   0.0123404809    0.0054601448    0.0000000000
   0.0124797277    0.0055582635    0.0000000000
   0.0020693401   -0.0000683548    0.0000000000
  -0.0003631376   -0.0001831213    0.0000000000
  -0.0084388412   -0.0015675139    0.0000000000
   0.0010899793    0.0009085440    0.0000000000
   0.0005024167    0.0002207389   -0.0000000000
  -0.0001822152    0.0000983103    0.0000000000
  -0.0013430319    0.0007932127    0.0000000000
  -0.0013342368    0.0007918171    0.0000000000
  -0.0001816777    0.0000986212    0.0000000000
   0.0004985334    0.0002194018    0.0000000000
   0.0010847257    0.0009078240    0.0000000000
  -0.0010916487   -0.0002203172   -0.0004976893
  -0.0000869724   -0.0000534060   -0.0000332853
   0.0005012989   -0.0000281602   -0.0001800923
   0.0007541482   -0.0001190410   -0.0007292204
   0.0007532767   -0.0001178398    0.0007324111
   0.0005044021   -0.0000278186    0.0001813401
  -0.0000871101   -0.0000529609    0.0000333355
  -0.0010936215   -0.0002206697    0.0004976795
   0.0002547868    0.0002204892    0.0001723144
   0.0001401748    0.0000564040    0.0000472368
  -0.0000524956    0.0000310081    0.0000204185
  -0.0003364349    0.0001952153    0.0001516077
  -0.0003346155    0.0001954092   -0.0001509677
  -0.0000524108    0.0000310176   -0.0000202469
   0.0001392254    0.0000560738   -0.0000469003
   0.0002539296    0.0002205209   -0.0001715790
  -0.0001850176   -0.0000372327   -0.0000000000
  -0.0000163226   -0.0000095388    0.0000000000
   0.0000887670   -0.0000052511    0.0000000000
   0.0001156779   -0.0000323640    0.0000000000
   0.0001154622   -0.0000324272   -0.0000000000
   0.0000894519   -0.0000052382    0.0000000000
  -0.0000164280   -0.0000094509    0.0000000000
  -0.0001853557   -0.0000372171    0.0000000000
   0.0000454713    0.0000385435   -0.0000000000
   0.0000262695    0.0000111062    0.0000000000
  -0.0000099507    0.0000051616    0.0000000000
  -0.0000602811    0.0000342666    0.0000000000
  -0.0000599417    0.0000342196   -0.0000000000
  -0.0000099497    0.0000051680    0.0000000000
   0.0000261037    0.0000110388    0.0000000000
   0.0000452747    0.0000384423    0.0000000000
  -0.0010916487   -0.0002203172    0.0004976893
  -0.0000869724   -0.0000534060    0.0000332853
   0.0005012989   -0.0000281602    0.0001800923
   0.0007541482   -0.0001190410    0.0007292204
   0.0007532767   -0.0001178398   -0.0007324111
   0.0005044021   -0.0000278186   -0.0001813401
  -0.0000871101   -0.0000529609   -0.0000333355
  -0.0010936215   -0.0002206697   -0.0004976795
   0.0002547868    0.0002204892   -0.0001723144
   0.0001401748    0.0000564040   -0.0000472368
  -0.0000524956    0.0000310081   -0.0000204185
  -0.0003364349    0.0001952153   -0.0001516077
  -0.0003346155    0.0001954092    0.0001509677
  -0.0000524108    0.0000310176    0.0000202469
   0.0001392254    0.0000560738    0.0000469003
   0.0002539296    0.0002205209    0.0001715790
  -0.0012534388    0.0019965033   -0.0104035598
  -0.0004116749   -0.0002863210   -0.0003093155
   0.0001694375   -0.0000348205   -0.0001499527
   0.0008140510   -0.0000541530   -0.0015333574
  -0.0012718758    0.0019735532    0.0104450740
   0.0008202459   -0.0000516433    0.0015415034
   0.0001707381   -0.0000348003    0.0001508068
  -0.0004110761   -0.0002857356    0.0003085751
  -0.0000477621    0.0008508878    0.0012165965
   0.0001698277    0.0002819426    0.0004033255
   0.0000311090    0.0000364421    0.0000529767
  -0.0001540130    0.0001339093    0.0001883556
  -0.0000474115    0.0008498093   -0.0012093923
  -0.0001533644    0.0001344977   -0.0001875009
   0.0000307911    0.0000362934   -0.0000525035
   0.0001692690    0.0002812924   -0.0004005845
  -0.0000473861   -0.0001255987   -0.0012114233
  -0.0000990064   -0.0000511335   -0.0001329145
   0.0000308271   -0.0000073972   -0.0000524231
   0.0001147905   -0.0000303610   -0.0004550882
  -0.0000477895   -0.0001256932    0.0012146324
   0.0001150905   -0.0000301518    0.0004580364
   0.0000310762   -0.0000073423    0.0000530618
  -0.0000991658   -0.0000506994    0.0001337441
  -0.0000097416    0.0001593478    0.0003421568
   0.0000333539    0.0000571625    0.0001302608
   0.0000091632    0.0000081442    0.0000181609
  -0.0000342376    0.0000302399    0.0000625211
  -0.0000096721    0.0001591900   -0.0003402674
  -0.0000340422    0.0000302751   -0.0000622329
   0.0000090606    0.0000080931   -0.0000179754
   0.0000331708    0.0000568255   -0.0001292922
  -0.0000473861   -0.0001255987    0.0012114233
  -0.0000990064   -0.0000511335    0.0001329145
   0.0000308271   -0.0000073972    0.0000524231
   0.0001147905   -0.0000303610    0.0004550882
  -0.0000477895   -0.0001256932   -0.0012146324
   0.0001150905   -0.0000301518   -0.0004580364
   0.0000310762   -0.0000073423   -0.0000530618
  -0.0000991658   -0.0000506994   -0.0001337441
  -0.0000097416    0.0001593478   -0.0003421568
   0.0000333539    0.0000571625   -0.0001302608
   0.0000091632    0.0000081442   -0.0000181609
  -0.0000342376    0.0000302399   -0.0000625211
  -0.0000096721    0.0001591900    0.0003402674
  -0.0000340422    0.0000302751    0.0000622329
   0.0000090606    0.0000080931    0.0000179754
   0.0000331708    0.0000568255    0.0001292922
  -0.0012534388    0.0019965033    0.0104035598
  -0.0004116749   -0.0002863210    0.0003093155
   0.0001694375   -0.0000348205    0.0001499527
   0.0008140510   -0.0000541530    0.0015333574
  -0.0012718758    0.0019735532   -0.0104450740
   0.0008202459   -0.0000516433   -0.0015415034
   0.0001707381   -0.0000348003   -0.0001508068
  -0.0004110761   -0.0002857356   -0.0003085751
  -0.0000477621    0.0008508878   -0.0012165965
   0.0001698277    0.0002819426   -0.0004033255
   0.0000311090    0.0000364421   -0.0000529767
  -0.0001540130    0.0001339093   -0.0001883556
  -0.0000474115    0.0008498093    0.0012093923
  -0.0001533644    0.0001344977    0.0001875009
   0.0000307911    0.0000362934    0.0000525035
   0.0001692690    0.0002812924    0.0004005845

65   
 -0.0070710678118655  -0.0070710678118655   0.0000000000000000
  -0.0069826132   -0.0407258377   -0.0000000000
  -0.0036946989   -0.0024014793   -0.0000000000
   0.0011664724   -0.0002523661   -0.0000000000
   0.0081323518   -0.0002737954   -0.0000000000
  -0.0072898720   -0.0384592510   -0.0000000000
   0.0080962248   -0.0002699834   -0.0000000000
   0.0011596365   -0.0002520846   -0.0000000000
  -0.0036936798   -0.0024070787   -0.0000000000
  -0.0003549521    0.0087556487   -0.0000000000
   0.0014316252    0.0020852947   -0.0000000000
   0.0002223972    0.0002366958   -0.0000000000
  -0.0012068683    0.0009003961   -0.0000000000
  -0.0003577731    0.0087948931   -0.0000000000
  -0.0012166164    0.0008997353   -0.0000000000
   0.0002252748    0.0002377192   -0.0000000000
   0.0014391293    0.0020914853   -0.0000000000
  -0.0006786684   -0.0013404591   -0.0059067347
  -0.0009806337   -0.0006118086   -0.0003525919
   0.0003293790   -0.0000755563   -0.0001705577
   0.0011903220   -0.0002828576   -0.0018219544
  -0.0006717068   -0.0013357049    0.0059017403
   0.0011893073   -0.0002824143    0.0018128589
   0.0003268775   -0.0000758925    0.0001693612
  -0.0009811081   -0.0006151697    0.0003539738
  -0.0000804682    0.0014932920    0.0013188682
   0.0003468776    0.0005774159    0.0004762889
   0.0000802669    0.0000731370    0.0000620445
  -0.0003471764    0.0002979455    0.0002172524
  -0.0000814219    0.0014951868   -0.0013282560
  -0.0003489253    0.0002972249   -0.0002184666
   0.0000811090    0.0000736030   -0.0000625615
   0.0003485763    0.0005803231   -0.0004795455
  -0.0000769308   -0.0002525857   -0.0000000000
  -0.0001527043   -0.0001032014   -0.0000000000
   0.0000537539   -0.0000086790   -0.0000000000
   0.0001876609   -0.0000480358   -0.0000000000
  -0.0000762362   -0.0002518701   -0.0000000000
   0.0001869400   -0.0000479237    0.0000000000
   0.0000534860   -0.0000087601   -0.0000000000
  -0.0001525317   -0.0001037368   -0.0000000000
  -0.0000128953    0.0002370088   -0.0000000000
   0.0000623693    0.0000988502   -0.0000000000
   0.0000137490    0.0000093483   -0.0000000000
  -0.0000619379    0.0000476284   -0.0000000000
  -0.0000130018    0.0002374095   -0.0000000000
  -0.0000622393    0.0000475582   -0.0000000000
   0.0000139135    0.0000094092   -0.0000000000
   0.0000626715    0.0000994441   -0.0000000000
  -0.0006786684   -0.0013404591    0.0059067347
  -0.0009806337   -0.0006118086    0.0003525919
   0.0003293790   -0.0000755563    0.0001705577
   0.0011903220   -0.0002828576    0.0018219544
  -0.0006717068   -0.0013357049   -0.0059017403
   0.0011893073   -0.0002824143   -0.0018128589
   0.0003268775   -0.0000758925   -0.0001693612
  -0.0009811081   -0.0006151697   -0.0003539738
  -0.0000804682    0.0014932920   -0.0013188682
   0.0003468776    0.0005774159   -0.0004762889
   0.0000802669    0.0000731370   -0.0000620445
  -0.0003471764    0.0002979455   -0.0002172524
  -0.0000814219    0.0014951868    0.0013282560
  -0.0003489253    0.0002972249    0.0002184666
   0.0000811090    0.0000736030    0.0000625615
   0.0003485763    0.0005803231    0.0004795455
   0.0147099780    0.1176677129    0.0000000000
  -0.0005605043    0.0025221920    0.0000000000
  -0.0002750293    0.0004175527    0.0000000000
  -0.0005514686    0.0025293487    0.0000000000
   0.0000260040   -0.0146263114    0.0000000000
  -0.0008497722   -0.0016193529    0.0000000000
  -0.0001445402   -0.0001384648    0.0000000000
   0.0005306810   -0.0002408399    0.0000000000
   0.0000380148   -0.0039829184    0.0000000000
  -0.0000107763   -0.0007511975    0.0000000000
  -0.0000391383   -0.0001419231   -0.0000000000
  -0.0000118744   -0.0007528100   -0.0000000000
   0.0000157637   -0.0147550331    0.0000000000
   0.0005310749   -0.0002398968    0.0000000000
  -0.0001460492   -0.0001392755    0.0000000000
  -0.0008331741   -0.0016059985    0.0000000000
   0.0002344062    0.0025257820   -0.0000039646
  -0.0000780475    0.0007725486   -0.0002090109
  -0.0000607479    0.0001220596    0.0000000987
  -0.0000723743    0.0007762513    0.0002043138
   0.0000552564   -0.0009291253   -0.0006883411
  -0.0001719321   -0.0004146749   -0.0002479403
  -0.0000381487   -0.0000355238   -0.0000280986
   0.0001605559   -0.0000829962   -0.0000841810
   0.0000129257   -0.0007520038    0.0000005652
   0.0000017974   -0.0002330490   -0.0000203839
  -0.0000154904   -0.0000432886    0.0000000615
   0.0000014147   -0.0002339368    0.0000208558
   0.0000559203   -0.0009242566    0.0006843521
   0.0001607705   -0.0000832791    0.0000840820
  -0.0000384858   -0.0000359833    0.0000283287
  -0.0001721638   -0.0004170247    0.0002492218
   0.0000237462    0.0004175508   -0.0000000000
  -0.0000066029    0.0001217558   -0.0000000000
  -0.0000116738    0.0000084485   -0.0000000000
  -0.0000067061    0.0001223630    0.0000000000
   0.0000162411   -0.0001388829    0.0000000000
  -0.0000293493   -0.0000636978    0.0000000000
  -0.0000076021   -0.0000004873    0.0000000000
   0.0000269364   -0.0000074733    0.0000000000
   0.0000022159   -0.0001419269    0.0000000000
   0.0000003625   -0.0000432104    0.0000000000
  -0.0000025580   -0.0000082995    0.0000000000
   0.0000002918   -0.0000433678    0.0000000000
   0.0000163913   -0.0001388485    0.0000000000
   0.0000270660   -0.0000076055    0.0000000000
  -0.0000076641   -0.0000005799    0.0000000000
  -0.0000295042   -0.0000642353    0.0000000000
   0.0002344062    0.0025257820    0.0000039646
  -0.0000780475    0.0007725486    0.0002090109
  -0.0000607479    0.0001220596   -0.0000000987
  -0.0000723743    0.0007762513   -0.0002043138
   0.0000552564   -0.0009291253    0.0006883411
  -0.0001719321   -0.0004146749    0.0002479403
  -0.0000381487   -0.0000355238    0.0000280986
   0.0001605559   -0.0000829962    0.0000841810
   0.0000129257   -0.0007520038   -0.0000005652
   0.0000017974   -0.0002330490    0.0000203839
  -0.0000154904   -0.0000432886   -0.0000000615
   0.0000014147   -0.0002339368   -0.0000208558
   0.0000559203   -0.0009242566   -0.0006843521
   0.0001607705   -0.0000832791   -0.0000840820
  -0.0000384858   -0.0000359833   -0.0000283287
  -0.0001721638   -0.0004170247   -0.0002492218
   0.0084388412    0.0015675139    0.0000000000
   0.0003631376    0.0001831213    0.0000000000
  -0.0020693401    0.0000683548    0.0000000000
  -0.0124797277   -0.0055582635    0.0000000000
  -0.0123404809   -0.0054601448    0.0000000000
  -0.0020574057    0.0000672913    0.0000000000
   0.0003622843    0.0001838243    0.0000000000
   0.0084395589    0.0015092917    0.0000000000
  -0.0010847257   -0.0009078240    0.0000000000
  -0.0004985334   -0.0002194018   -0.0000000000
   0.0001816777   -0.0000986212   -0.0000000000
   0.0013342368   -0.0007918171    0.0000000000
   0.0013430319   -0.0007932127    0.0000000000
   0.0001822152   -0.0000983103    0.0000000000
  -0.0005024167   -0.0002207389    0.0000000000
  -0.0010899793   -0.0009085440    0.0000000000
   0.0010936215    0.0002206697    0.0004976795
   0.0000871101    0.0000529609    0.0000333355
  -0.0005044021    0.0000278186    0.0001813401
  -0.0007532767    0.0001178398    0.0007324111
  -0.0007541482    0.0001190410   -0.0007292204
  -0.0005012989    0.0000281602   -0.0001800923
   0.0000869724    0.0000534060   -0.0000332853
   0.0010916487    0.0002203172   -0.0004976893
  -0.0002539296   -0.0002205209   -0.0001715790
  -0.0001392254   -0.0000560738   -0.0000469003
   0.0000524108   -0.0000310176   -0.0000202469
   0.0003346155   -0.0001954092   -0.0001509677
   0.0003364349   -0.0001952153    0.0001516077
   0.0000524956   -0.0000310081    0.0000204185
  -0.0001401748   -0.0000564040    0.0000472368
  -0.0002547868   -0.0002204892    0.0001723144
   0.0001853557    0.0000372171   -0.0000000000
   0.0000164280    0.0000094509    0.0000000000
  -0.0000894519    0.0000052382    0.0000000000
  -0.0001154622    0.0000324272    0.0000000000
  -0.0001156779    0.0000323640   -0.0000000000
  -0.0000887670    0.0000052511   -0.0000000000
   0.0000163226    0.0000095388    0.0000000000
   0.0001850176    0.0000372327    0.0000000000
  -0.0000452747   -0.0000384423   -0.0000000000
  -0.0000261037   -0.0000110388    0.0000000000
   0.0000099497   -0.0000051680    0.0000000000
   0.0000599417   -0.0000342196    0.0000000000
   0.0000602811   -0.0000342666    0.0000000000
   0.0000099507   -0.0000051616    0.0000000000
  -0.0000262695   -0.0000111062    0.0000000000
  -0.0000454713   -0.0000385435    0.0000000000
   0.0010936215    0.0002206697   -0.0004976795
   0.0000871101    0.0000529609   -0.0000333355
  -0.0005044021    0.0000278186   -0.0001813401
  -0.0007532767    0.0001178398   -0.0007324111
  -0.0007541482    0.0001190410    0.0007292204
  -0.0005012989    0.0000281602    0.0001800923
   0.0000869724    0.0000534060    0.0000332853
   0.0010916487    0.0002203172    0.0004976893
  -0.0002539296   -0.0002205209    0.0001715790
  -0.0001392254   -0.0000560738    0.0000469003
   0.0000524108   -0.0000310176    0.0000202469
   0.0003346155   -0.0001954092    0.0001509677
   0.0003364349   -0.0001952153   -0.0001516077
   0.0000524956   -0.0000310081   -0.0000204185
  -0.0001401748   -0.0000564040   -0.0000472368
  -0.0002547868   -0.0002204892   -0.0001723144
   0.0012718758   -0.0019735532    0.0104450740
   0.0004110761    0.0002857356    0.0003085751
  -0.0001707381    0.0000348003    0.0001508068
  -0.0008202459    0.0000516433    0.0015415034
   0.0012534388   -0.0019965033   -0.0104035598
  -0.0008140510    0.0000541530   -0.0015333574
  -0.0001694375    0.0000348205   -0.0001499527
   0.0004116749    0.0002863210   -0.0003093155
   0.0000474115   -0.0008498093   -0.0012093923
  -0.0001692690   -0.0002812924   -0.0004005845
  -0.0000307911   -0.0000362934   -0.0000525035
   0.0001533644   -0.0001344977   -0.0001875009
   0.0000477621   -0.0008508878    0.0012165965
   0.0001540130   -0.0001339093    0.0001883556
  -0.0000311090   -0.0000364421    0.0000529767
  -0.0001698277   -0.0002819426    0.0004033255
   0.0000477895    0.0001256932    0.0012146324
   0.0000991658    0.0000506994    0.0001337441
  -0.0000310762    0.0000073423    0.0000530618
  -0.0001150905    0.0000301518    0.0004580364
   0.0000473861    0.0001255987   -0.0012114233
  -0.0001147905    0.0000303610   -0.0004550882
  -0.0000308271    0.0000073972   -0.0000524231
   0.0000990064    0.0000511335   -0.0001329145
   0.0000096721   -0.0001591900   -0.0003402674
  -0.0000331708   -0.0000568255   -0.0001292922
  -0.0000090606   -0.0000080931   -0.0000179754
   0.0000340422   -0.0000302751   -0.0000622329
   0.0000097416   -0.0001593478    0.0003421568
   0.0000342376   -0.0000302399    0.0000625211
  -0.0000091632   -0.0000081442    0.0000181609
  -0.0000333539   -0.0000571625    0.0001302608
   0.0000477895    0.0001256932   -0.0012146324
   0.0000991658    0.0000506994   -0.0001337441
  -0.0000310762    0.0000073423   -0.0000530618
  -0.0001150905    0.0000301518   -0.0004580364
   0.0000473861    0.0001255987    0.0012114233
  -0.0001147905    0.0000303610    0.0004550882
  -0.0000308271    0.0000073972    0.0000524231
   0.0000990064    0.0000511335    0.0001329145
   0.0000096721   -0.0001591900    0.0003402674
  -0.0000331708   -0.0000568255    0.0001292922
  -0.0000090606   -0.0000080931    0.0000179754
   0.0000340422   -0.0000302751    0.0000622329
   0.0000097416   -0.0001593478   -0.0003421568
   0.0000342376   -0.0000302399   -0.0000625211
  -0.0000091632   -0.0000081442   -0.0000181609
  -0.0000333539   -0.0000571625   -0.0001302608
   0.0012718758   -0.0019735532   -0.0104450740
   0.0004110761    0.0002857356   -0.0003085751
  -0.0001707381    0.0000348003   -0.0001508068
  -0.0008202459    0.0000516433   -0.0015415034
   0.0012534388   -0.0019965033    0.0104035598
  -0.0008140510    0.0000541530    0.0015333574
  -0.0001694375    0.0000348205    0.0001499527
   0.0004116749    0.0002863210    0.0003093155
   0.0000474115   -0.0008498093    0.0012093923
  -0.0001692690   -0.0002812924    0.0004005845
  -0.0000307911   -0.0000362934    0.0000525035
   0.0001533644   -0.0001344977    0.0001875009
   0.0000477621   -0.0008508878   -0.0012165965
   0.0001540130   -0.0001339093   -0.0001883556
  -0.0000311090   -0.0000364421   -0.0000529767
  -0.0001698277   -0.0002819426   -0.0004033255
