128  
2    

1    
  0.0000000000000000   0.0070710678118655   0.0070710678118655
  -0.0015692975   -0.0960027085   -0.0960027085
   0.0021120969    0.0032652353    0.0032652353
   0.0000060813   -0.0002096443   -0.0002096443
  -0.0020956517    0.0032433507    0.0032433507
   0.0005382595   -0.0015534375    0.0005913873
  -0.0000122833    0.0002394058    0.0002448654
   0.0000068873    0.0002503482    0.0002356031
  -0.0005635749    0.0006076174   -0.0015445868
  -0.0000993758   -0.0002352041   -0.0001079180
   0.0000012653    0.0002469225    0.0002471437
   0.0001023853   -0.0001095659   -0.0002366041
   0.0000003274    0.0002496920    0.0002443319
   0.0026444532   -0.0036653615    0.0027002233
  -0.0026646763    0.0027058597   -0.0036408318
  -0.0000347356    0.0002034502    0.0002798488
   0.0000376018    0.0002865232    0.0002003456
   0.0005382595    0.0005913873   -0.0015534375
  -0.0000122833    0.0002448654    0.0002394058
   0.0000068873    0.0002356031    0.0002503482
  -0.0005635749   -0.0015445868    0.0006076174
   0.0002890227    0.0000272742    0.0000272742
   0.0000007448    0.0000383251    0.0000383251
  -0.0002918272    0.0000305446    0.0000305446
  -0.0000078644    0.0001348855    0.0001348855
   0.0002096855    0.0000372812   -0.0000406633
  -0.0002074714   -0.0000449583    0.0000396305
   0.0001152990   -0.0000434214    0.0000012571
  -0.0001156093   -0.0000000208   -0.0000422381
  -0.0000055474    0.0000391670    0.0000578321
   0.0000001428    0.0000248582    0.0001365485
  -0.0000005176   -0.0001580374   -0.0001585286
   0.0000001604    0.0001332589    0.0000362228
  -0.0000993758   -0.0001079180   -0.0002352041
   0.0000012653    0.0002471437    0.0002469225
   0.0001023853   -0.0002366041   -0.0001095659
   0.0000003274    0.0002443319    0.0002496920
   0.0002096855   -0.0000406633    0.0000372812
  -0.0002074714    0.0000396305   -0.0000449583
   0.0001152990    0.0000012571   -0.0000434214
  -0.0001156093   -0.0000422381   -0.0000000208
  -0.0000001312   -0.0000078573   -0.0000078573
  -0.0000783479   -0.0000066045   -0.0000066045
   0.0000002430    0.0000037322    0.0000037322
   0.0000796662   -0.0000061292   -0.0000061292
   0.0002534856    0.0000048826   -0.0000069426
  -0.0000365056   -0.0001218116    0.0000793476
   0.0000364287    0.0000799044   -0.0001218326
  -0.0002550884   -0.0000076095    0.0000009121
   0.0026444532    0.0027002233   -0.0036653615
  -0.0026646763   -0.0036408318    0.0027058597
  -0.0000347356    0.0002798488    0.0002034502
   0.0000376018    0.0002003456    0.0002865232
  -0.0000055474    0.0000578321    0.0000391670
   0.0000001428    0.0001365485    0.0000248582
  -0.0000005176   -0.0001585286   -0.0001580374
   0.0000001604    0.0000362228    0.0001332589
   0.0002534856   -0.0000069426    0.0000048826
  -0.0000365056    0.0000793476   -0.0001218116
   0.0000364287   -0.0001218326    0.0000799044
  -0.0002550884    0.0000009121   -0.0000076095
   0.0001987084    0.0000307825    0.0000307825
   0.0000009410    0.0001348870    0.0001348870
  -0.0001993285    0.0000270399    0.0000270399
  -0.0000006062    0.0000383046    0.0000383046
   0.0311480769    0.0392504778    0.0392504778
  -0.0006552151   -0.0004195799   -0.0004195799
   0.0006365523   -0.0003906418   -0.0003906418
  -0.0297079651    0.0381188172    0.0381188172
  -0.0004517428    0.0003572328   -0.0006150415
   0.0000016892   -0.0001571962   -0.0001549180
   0.0004358763   -0.0006010304    0.0003658494
  -0.0000072088   -0.0007287353   -0.0007347864
   0.0002023216    0.0010073552    0.0000392935
  -0.0002019260    0.0000364154    0.0010080214
  -0.0000128557   -0.0000068737    0.0000803961
   0.0000096555    0.0000807637   -0.0000075286
   0.0001344590    0.0082180949    0.0083043074
  -0.0002301761   -0.0009783635   -0.0005002138
   0.0000009845    0.0000014362    0.0000065920
   0.0002295086   -0.0005033394   -0.0009516328
  -0.0004517428   -0.0006150415    0.0003572328
   0.0000016892   -0.0001549180   -0.0001571962
   0.0004358763    0.0003658494   -0.0006010304
  -0.0000072088   -0.0007347864   -0.0007287353
  -0.0000813895   -0.0000735969   -0.0000735969
   0.0000824286   -0.0000747342   -0.0000747342
   0.0000654587    0.0000559069    0.0000559069
  -0.0000676584    0.0000573859    0.0000573859
   0.0000031693   -0.0001640401   -0.0001645098
   0.0001341655    0.0000769907   -0.0000090926
   0.0000002776    0.0000050925    0.0000045029
  -0.0001315852   -0.0000102509    0.0000773200
  -0.0010165962   -0.0001978757    0.0002841521
   0.0000665854    0.0000090493   -0.0000770884
  -0.0000660557   -0.0000753701    0.0000121221
   0.0010090722    0.0002781618   -0.0001664687
   0.0002023216    0.0000392935    0.0010073552
  -0.0002019260    0.0010080214    0.0000364154
  -0.0000128557    0.0000803961   -0.0000068737
   0.0000096555   -0.0000075286    0.0000807637
   0.0000031693   -0.0001645098   -0.0001640401
   0.0001341655   -0.0000090926    0.0000769907
   0.0000002776    0.0000045029    0.0000050925
  -0.0001315852    0.0000773200   -0.0000102509
  -0.0000421627    0.0000234918    0.0000234918
   0.0000208196   -0.0000160614   -0.0000160614
  -0.0000211776   -0.0000163403   -0.0000163403
   0.0000420410    0.0000237985    0.0000237985
  -0.0000310354    0.0000332302    0.0001235861
   0.0000002519   -0.0001419310   -0.0001431659
   0.0000306722    0.0001217770    0.0000365538
  -0.0000018984   -0.0000459850   -0.0000418435
   0.0001344590    0.0083043074    0.0082180949
  -0.0002301761   -0.0005002138   -0.0009783635
   0.0000009845    0.0000065920    0.0000014362
   0.0002295086   -0.0009516328   -0.0005033394
  -0.0010165962    0.0002841521   -0.0001978757
   0.0000665854   -0.0000770884    0.0000090493
  -0.0000660557    0.0000121221   -0.0000753701
   0.0010090722   -0.0001664687    0.0002781618
  -0.0000310354    0.0001235861    0.0000332302
   0.0000002519   -0.0001431659   -0.0001419310
   0.0000306722    0.0000365538    0.0001217770
  -0.0000018984   -0.0000418435   -0.0000459850
  -0.0007754650    0.0005086131    0.0005086131
   0.0007903199    0.0005133980    0.0005133980
  -0.0000128286   -0.0000298830   -0.0000298830
   0.0000165061   -0.0000285820   -0.0000285820

1    
  0.0000000000000000  -0.0070710678118655  -0.0070710678118655
  -0.0015692975    0.0960027085    0.0960027085
  -0.0020956517   -0.0032433507   -0.0032433507
   0.0000060813    0.0002096443    0.0002096443
   0.0021120969   -0.0032652353   -0.0032652353
  -0.0005635749    0.0015445868   -0.0006076174
   0.0000068873   -0.0002356031   -0.0002503482
  -0.0000122833   -0.0002448654   -0.0002394058
   0.0005382595   -0.0005913873    0.0015534375
   0.0001023853    0.0002366041    0.0001095659
   0.0000012653   -0.0002471437   -0.0002469225
  -0.0000993758    0.0001079180    0.0002352041
   0.0000003274   -0.0002443319   -0.0002496920
  -0.0026646763    0.0036408318   -0.0027058597
   0.0026444532   -0.0027002233    0.0036653615
   0.0000376018   -0.0002003456   -0.0002865232
  -0.0000347356   -0.0002798488   -0.0002034502
  -0.0005635749   -0.0006076174    0.0015445868
   0.0000068873   -0.0002503482   -0.0002356031
  -0.0000122833   -0.0002394058   -0.0002448654
   0.0005382595    0.0015534375   -0.0005913873
  -0.0002918272   -0.0000305446   -0.0000305446
   0.0000007448   -0.0000383251   -0.0000383251
   0.0002890227   -0.0000272742   -0.0000272742
  -0.0000078644   -0.0001348855   -0.0001348855
  -0.0002074714   -0.0000396305    0.0000449583
   0.0002096855    0.0000406633   -0.0000372812
  -0.0001156093    0.0000422381    0.0000000208
   0.0001152990   -0.0000012571    0.0000434214
  -0.0000055474   -0.0000578321   -0.0000391670
   0.0000001604   -0.0000362228   -0.0001332589
  -0.0000005176    0.0001585286    0.0001580374
   0.0000001428   -0.0001365485   -0.0000248582
   0.0001023853    0.0001095659    0.0002366041
   0.0000012653   -0.0002469225   -0.0002471437
  -0.0000993758    0.0002352041    0.0001079180
   0.0000003274   -0.0002496920   -0.0002443319
  -0.0002074714    0.0000449583   -0.0000396305
   0.0002096855   -0.0000372812    0.0000406633
  -0.0001156093    0.0000000208    0.0000422381
   0.0001152990    0.0000434214   -0.0000012571
  -0.0000001312    0.0000078573    0.0000078573
   0.0000796662    0.0000061292    0.0000061292
   0.0000002430   -0.0000037322   -0.0000037322
  -0.0000783479    0.0000066045    0.0000066045
  -0.0002550884   -0.0000009121    0.0000076095
   0.0000364287    0.0001218326   -0.0000799044
  -0.0000365056   -0.0000793476    0.0001218116
   0.0002534856    0.0000069426   -0.0000048826
  -0.0026646763   -0.0027058597    0.0036408318
   0.0026444532    0.0036653615   -0.0027002233
   0.0000376018   -0.0002865232   -0.0002003456
  -0.0000347356   -0.0002034502   -0.0002798488
  -0.0000055474   -0.0000391670   -0.0000578321
   0.0000001604   -0.0001332589   -0.0000362228
  -0.0000005176    0.0001580374    0.0001585286
   0.0000001428   -0.0000248582   -0.0001365485
  -0.0002550884    0.0000076095   -0.0000009121
   0.0000364287   -0.0000799044    0.0001218326
  -0.0000365056    0.0001218116   -0.0000793476
   0.0002534856   -0.0000048826    0.0000069426
  -0.0001993285   -0.0000270399   -0.0000270399
   0.0000009410   -0.0001348870   -0.0001348870
   0.0001987084   -0.0000307825   -0.0000307825
  -0.0000006062   -0.0000383046   -0.0000383046
  -0.0297079651   -0.0381188172   -0.0381188172
   0.0006365523    0.0003906418    0.0003906418
  -0.0006552151    0.0004195799    0.0004195799
   0.0311480769   -0.0392504778   -0.0392504778
   0.0004358763   -0.0003658494    0.0006010304
   0.0000016892    0.0001549180    0.0001571962
  -0.0004517428    0.0006150415   -0.0003572328
  -0.0000072088    0.0007347864    0.0007287353
  -0.0002019260   -0.0010080214   -0.0000364154
   0.0002023216   -0.0000392935   -0.0010073552
   0.0000096555    0.0000075286   -0.0000807637
  -0.0000128557   -0.0000803961    0.0000068737
   0.0001344590   -0.0083043074   -0.0082180949
   0.0002295086    0.0009516328    0.0005033394
   0.0000009845   -0.0000065920   -0.0000014362
  -0.0002301761    0.0005002138    0.0009783635
   0.0004358763    0.0006010304   -0.0003658494
   0.0000016892    0.0001571962    0.0001549180
  -0.0004517428   -0.0003572328    0.0006150415
  -0.0000072088    0.0007287353    0.0007347864
   0.0000824286    0.0000747342    0.0000747342
  -0.0000813895    0.0000735969    0.0000735969
  -0.0000676584   -0.0000573859   -0.0000573859
   0.0000654587   -0.0000559069   -0.0000559069
   0.0000031693    0.0001645098    0.0001640401
  -0.0001315852   -0.0000773200    0.0000102509
   0.0000002776   -0.0000045029   -0.0000050925
   0.0001341655    0.0000090926   -0.0000769907
   0.0010090722    0.0001664687   -0.0002781618
  -0.0000660557   -0.0000121221    0.0000753701
   0.0000665854    0.0000770884   -0.0000090493
  -0.0010165962   -0.0002841521    0.0001978757
  -0.0002019260   -0.0000364154   -0.0010080214
   0.0002023216   -0.0010073552   -0.0000392935
   0.0000096555   -0.0000807637    0.0000075286
  -0.0000128557    0.0000068737   -0.0000803961
   0.0000031693    0.0001640401    0.0001645098
  -0.0001315852    0.0000102509   -0.0000773200
   0.0000002776   -0.0000050925   -0.0000045029
   0.0001341655   -0.0000769907    0.0000090926
   0.0000420410   -0.0000237985   -0.0000237985
  -0.0000211776    0.0000163403    0.0000163403
   0.0000208196    0.0000160614    0.0000160614
  -0.0000421627   -0.0000234918   -0.0000234918
   0.0000306722   -0.0000365538   -0.0001217770
   0.0000002519    0.0001431659    0.0001419310
  -0.0000310354   -0.0001235861   -0.0000332302
  -0.0000018984    0.0000418435    0.0000459850
   0.0001344590   -0.0082180949   -0.0083043074
   0.0002295086    0.0005033394    0.0009516328
   0.0000009845   -0.0000014362   -0.0000065920
  -0.0002301761    0.0009783635    0.0005002138
   0.0010090722   -0.0002781618    0.0001664687
  -0.0000660557    0.0000753701   -0.0000121221
   0.0000665854   -0.0000090493    0.0000770884
  -0.0010165962    0.0001978757   -0.0002841521
   0.0000306722   -0.0001217770   -0.0000365538
   0.0000002519    0.0001419310    0.0001431659
  -0.0000310354   -0.0000332302   -0.0001235861
  -0.0000018984    0.0000459850    0.0000418435
   0.0007903199   -0.0005133980   -0.0005133980
  -0.0007754650   -0.0005086131   -0.0005086131
   0.0000165061    0.0000285820    0.0000285820
  -0.0000128286    0.0000298830    0.0000298830
