320  
6    

1    
  0.0100000000000000   0.0000000000000000   0.0000000000000000
  -0.0529034912    0.0000000000    0.0000000000
   0.0083814534    0.0000000000    0.0000000000
   0.0006840408    0.0000000000    0.0000000000
   0.0082731571    0.0000000000    0.0000000000
  -0.0024448634   -0.0000114618    0.0000000000
   0.0008082803    0.0008699984    0.0000000000
   0.0004199793    0.0000003057    0.0000000000
   0.0008021079   -0.0008653398    0.0000000000
  -0.0004297718   -0.0000000000    0.0000000000
   0.0001072376   -0.0000000000    0.0000000000
   0.0002378842   -0.0000000000    0.0000000000
   0.0001080413   -0.0000000000    0.0000000000
  -0.0024448634    0.0000114618    0.0000000000
   0.0008082803   -0.0008699984    0.0000000000
   0.0004199793   -0.0000003057    0.0000000000
   0.0008021079    0.0008653398    0.0000000000
  -0.0024448634    0.0000000000   -0.0000114618
   0.0008082803    0.0000000000    0.0008699984
   0.0004199793    0.0000000000    0.0000003057
   0.0008021079    0.0000000000   -0.0008653398
  -0.0008374368   -0.0000011185   -0.0000011185
   0.0002993646    0.0002876607    0.0002876607
   0.0002733500   -0.0000000270   -0.0000000270
   0.0002994872   -0.0002888865   -0.0002888865
  -0.0003184674   -0.0000000000   -0.0000001841
   0.0000812377   -0.0000000000    0.0001210388
   0.0001506516   -0.0000000000   -0.0000001120
   0.0000818214   -0.0000000000   -0.0001217051
  -0.0008374368    0.0000011185   -0.0000011185
   0.0002993646   -0.0002876607    0.0002876607
   0.0002733500    0.0000000270   -0.0000000270
   0.0002994872    0.0002888865   -0.0002888865
  -0.0004297718    0.0000000000   -0.0000000000
   0.0001072376    0.0000000000   -0.0000000000
   0.0002378842    0.0000000000   -0.0000000000
   0.0001080413    0.0000000000   -0.0000000000
  -0.0003184674   -0.0000001841   -0.0000000000
   0.0000812377    0.0001210388   -0.0000000000
   0.0001506516   -0.0000001120   -0.0000000000
   0.0000818214   -0.0001217051   -0.0000000000
  -0.0001387257   -0.0000000000   -0.0000000000
   0.0000413020   -0.0000000000   -0.0000000000
   0.0000520947   -0.0000000000   -0.0000000000
   0.0000416362   -0.0000000000   -0.0000000000
  -0.0003184674    0.0000001841   -0.0000000000
   0.0000812377   -0.0001210388   -0.0000000000
   0.0001506516    0.0000001120   -0.0000000000
   0.0000818214    0.0001217051   -0.0000000000
  -0.0024448634    0.0000000000    0.0000114618
   0.0008082803    0.0000000000   -0.0008699984
   0.0004199793    0.0000000000   -0.0000003057
   0.0008021079    0.0000000000    0.0008653398
  -0.0008374368   -0.0000011185    0.0000011185
   0.0002993646    0.0002876607   -0.0002876607
   0.0002733500   -0.0000000270    0.0000000270
   0.0002994872   -0.0002888865    0.0002888865
  -0.0003184674   -0.0000000000    0.0000001841
   0.0000812377   -0.0000000000   -0.0001210388
   0.0001506516   -0.0000000000    0.0000001120
   0.0000818214   -0.0000000000    0.0001217051
  -0.0008374368    0.0000011185    0.0000011185
   0.0002993646   -0.0002876607   -0.0002876607
   0.0002733500    0.0000000270    0.0000000270
   0.0002994872    0.0002888865    0.0002888865
   0.0012745869    0.0109368658    0.0109368658
   0.0019822249    0.0003190680    0.0003190680
   0.0019915943   -0.0003164953   -0.0003164953
   0.0012838288   -0.0108589714   -0.0108589714
  -0.0004577381    0.0011777161    0.0002003248
   0.0004794488    0.0003543785    0.0001271539
   0.0004816062   -0.0003549976   -0.0001278195
  -0.0004589930   -0.0011811797   -0.0002003970
  -0.0004577381   -0.0011777161    0.0002003248
   0.0004794488   -0.0003543785    0.0001271539
   0.0004816062    0.0003549976   -0.0001278195
  -0.0004589930    0.0011811797   -0.0002003970
   0.0012745869   -0.0109368658    0.0109368658
   0.0019822249   -0.0003190680    0.0003190680
   0.0019915943    0.0003164953   -0.0003164953
   0.0012838288    0.0108589714   -0.0108589714
  -0.0004577381    0.0002003248    0.0011777161
   0.0004794488    0.0001271539    0.0003543785
   0.0004816062   -0.0001278195   -0.0003549976
  -0.0004589930   -0.0002003970   -0.0011811797
  -0.0001479302    0.0002496702    0.0002496702
   0.0001460231    0.0001218457    0.0001218457
   0.0001467284   -0.0001221973   -0.0001221973
  -0.0001472974   -0.0002503623   -0.0002503623
  -0.0001479302   -0.0002496702    0.0002496702
   0.0001460231   -0.0001218457    0.0001218457
   0.0001467284    0.0001221973   -0.0001221973
  -0.0001472974    0.0002503623   -0.0002503623
  -0.0004577381   -0.0002003248    0.0011777161
   0.0004794488   -0.0001271539    0.0003543785
   0.0004816062    0.0001278195   -0.0003549976
  -0.0004589930    0.0002003970   -0.0011811797
  -0.0004577381    0.0002003248   -0.0011777161
   0.0004794488    0.0001271539   -0.0003543785
   0.0004816062   -0.0001278195    0.0003549976
  -0.0004589930   -0.0002003970    0.0011811797
  -0.0001479302    0.0002496702   -0.0002496702
   0.0001460231    0.0001218457   -0.0001218457
   0.0001467284   -0.0001221973    0.0001221973
  -0.0001472974   -0.0002503623    0.0002503623
  -0.0001479302   -0.0002496702   -0.0002496702
   0.0001460231   -0.0001218457   -0.0001218457
   0.0001467284    0.0001221973    0.0001221973
  -0.0001472974    0.0002503623    0.0002503623
  -0.0004577381   -0.0002003248   -0.0011777161
   0.0004794488   -0.0001271539   -0.0003543785
   0.0004816062    0.0001278195    0.0003549976
  -0.0004589930    0.0002003970    0.0011811797
   0.0012745869    0.0109368658   -0.0109368658
   0.0019822249    0.0003190680   -0.0003190680
   0.0019915943   -0.0003164953    0.0003164953
   0.0012838288   -0.0108589714    0.0108589714
  -0.0004577381    0.0011777161   -0.0002003248
   0.0004794488    0.0003543785   -0.0001271539
   0.0004816062   -0.0003549976    0.0001278195
  -0.0004589930   -0.0011811797    0.0002003970
  -0.0004577381   -0.0011777161   -0.0002003248
   0.0004794488   -0.0003543785   -0.0001271539
   0.0004816062    0.0003549976    0.0001278195
  -0.0004589930    0.0011811797    0.0002003970
   0.0012745869   -0.0109368658   -0.0109368658
   0.0019822249   -0.0003190680   -0.0003190680
   0.0019915943    0.0003164953    0.0003164953
   0.0012838288    0.0108589714    0.0108589714
   0.0003264866   -0.0000000000   -0.0036205982
  -0.0005623169   -0.0000000000   -0.0001605270
  -0.0005616992   -0.0000000000    0.0001571795
   0.0001758079   -0.0000000000    0.0037127915
   0.0003909766   -0.0023248853   -0.0007561126
  -0.0003384283   -0.0004673308   -0.0000425656
  -0.0003404331    0.0004683494    0.0000428748
   0.0003887085    0.0023299160    0.0007524145
   0.0001430050    0.0000000000   -0.0000580596
  -0.0001418414    0.0000000000   -0.0000407508
  -0.0001425512    0.0000000000    0.0000408619
   0.0001429598    0.0000000000    0.0000584040
   0.0003909766    0.0023248853   -0.0007561126
  -0.0003384283    0.0004673308   -0.0000425656
  -0.0003404331   -0.0004683494    0.0000428748
   0.0003887085   -0.0023299160    0.0007524145
   0.0001750082   -0.0000000000   -0.0002481941
  -0.0001713255   -0.0000000000   -0.0001165316
  -0.0001722397   -0.0000000000    0.0001168202
   0.0001764978   -0.0000000000    0.0002479414
   0.0000989639   -0.0004011649   -0.0001917170
  -0.0001099550   -0.0001555492   -0.0000735654
  -0.0001104595    0.0001562756    0.0000737425
   0.0000993878    0.0004022457    0.0001918519
   0.0000415492    0.0000000000   -0.0000719187
  -0.0000411169    0.0000000000   -0.0000327823
  -0.0000414344    0.0000000000    0.0000329624
   0.0000413342    0.0000000000    0.0000723581
   0.0000989639    0.0004011649   -0.0001917170
  -0.0001099550    0.0001555492   -0.0000735654
  -0.0001104595   -0.0001562756    0.0000737425
   0.0000993878   -0.0004022457    0.0001918519
   0.0001750082   -0.0000000000    0.0002481941
  -0.0001713255   -0.0000000000    0.0001165316
  -0.0001722397   -0.0000000000   -0.0001168202
   0.0001764978   -0.0000000000   -0.0002479414
   0.0000989639   -0.0004011649    0.0001917170
  -0.0001099550   -0.0001555492    0.0000735654
  -0.0001104595    0.0001562756   -0.0000737425
   0.0000993878    0.0004022457   -0.0001918519
   0.0000415492    0.0000000000    0.0000719187
  -0.0000411169    0.0000000000    0.0000327823
  -0.0000414344    0.0000000000   -0.0000329624
   0.0000413342    0.0000000000   -0.0000723581
   0.0000989639    0.0004011649    0.0001917170
  -0.0001099550    0.0001555492    0.0000735654
  -0.0001104595   -0.0001562756   -0.0000737425
   0.0000993878   -0.0004022457   -0.0001918519
   0.0003264866   -0.0000000000    0.0036205982
  -0.0005623169   -0.0000000000    0.0001605270
  -0.0005616992   -0.0000000000   -0.0001571795
   0.0001758079   -0.0000000000   -0.0037127915
   0.0003909766   -0.0023248853    0.0007561126
  -0.0003384283   -0.0004673308    0.0000425656
  -0.0003404331    0.0004683494   -0.0000428748
   0.0003887085    0.0023299160   -0.0007524145
   0.0001430050    0.0000000000    0.0000580596
  -0.0001418414    0.0000000000    0.0000407508
  -0.0001425512    0.0000000000   -0.0000408619
   0.0001429598    0.0000000000   -0.0000584040
   0.0003909766    0.0023248853    0.0007561126
  -0.0003384283    0.0004673308    0.0000425656
  -0.0003404331   -0.0004683494   -0.0000428748
   0.0003887085   -0.0023299160   -0.0007524145
   0.0003264866   -0.0036205982   -0.0000000000
  -0.0005623169   -0.0001605270   -0.0000000000
  -0.0005616992    0.0001571795   -0.0000000000
   0.0001758079    0.0037127915   -0.0000000000
   0.0001750082   -0.0002481941   -0.0000000000
  -0.0001713255   -0.0001165316   -0.0000000000
  -0.0001722397    0.0001168202   -0.0000000000
   0.0001764978    0.0002479414   -0.0000000000
   0.0001750082    0.0002481941   -0.0000000000
  -0.0001713255    0.0001165316   -0.0000000000
  -0.0001722397   -0.0001168202   -0.0000000000
   0.0001764978   -0.0002479414   -0.0000000000
   0.0003264866    0.0036205982   -0.0000000000
  -0.0005623169    0.0001605270   -0.0000000000
  -0.0005616992   -0.0001571795   -0.0000000000
   0.0001758079   -0.0037127915   -0.0000000000
   0.0003909766   -0.0007561126   -0.0023248853
  -0.0003384283   -0.0000425656   -0.0004673308
  -0.0003404331    0.0000428748    0.0004683494
   0.0003887085    0.0007524145    0.0023299160
   0.0000989639   -0.0001917170   -0.0004011649
  -0.0001099550   -0.0000735654   -0.0001555492
  -0.0001104595    0.0000737425    0.0001562756
   0.0000993878    0.0001918519    0.0004022457
   0.0000989639    0.0001917170   -0.0004011649
  -0.0001099550    0.0000735654   -0.0001555492
  -0.0001104595   -0.0000737425    0.0001562756
   0.0000993878   -0.0001918519    0.0004022457
   0.0003909766    0.0007561126   -0.0023248853
  -0.0003384283    0.0000425656   -0.0004673308
  -0.0003404331   -0.0000428748    0.0004683494
   0.0003887085   -0.0007524145    0.0023299160
   0.0001430050   -0.0000580596    0.0000000000
  -0.0001418414   -0.0000407508    0.0000000000
  -0.0001425512    0.0000408619    0.0000000000
   0.0001429598    0.0000584040    0.0000000000
   0.0000415492   -0.0000719187    0.0000000000
  -0.0000411169   -0.0000327823    0.0000000000
  -0.0000414344    0.0000329624    0.0000000000
   0.0000413342    0.0000723581    0.0000000000
   0.0000415492    0.0000719187    0.0000000000
  -0.0000411169    0.0000327823    0.0000000000
  -0.0000414344   -0.0000329624    0.0000000000
   0.0000413342   -0.0000723581    0.0000000000
   0.0001430050    0.0000580596    0.0000000000
  -0.0001418414    0.0000407508    0.0000000000
  -0.0001425512   -0.0000408619    0.0000000000
   0.0001429598   -0.0000584040    0.0000000000
   0.0003909766   -0.0007561126    0.0023248853
  -0.0003384283   -0.0000425656    0.0004673308
  -0.0003404331    0.0000428748   -0.0004683494
   0.0003887085    0.0007524145   -0.0023299160
   0.0000989639   -0.0001917170    0.0004011649
  -0.0001099550   -0.0000735654    0.0001555492
  -0.0001104595    0.0000737425   -0.0001562756
   0.0000993878    0.0001918519   -0.0004022457
   0.0000989639    0.0001917170    0.0004011649
  -0.0001099550    0.0000735654    0.0001555492
  -0.0001104595   -0.0000737425   -0.0001562756
   0.0000993878   -0.0001918519   -0.0004022457
   0.0003909766    0.0007561126    0.0023248853
  -0.0003384283    0.0000425656    0.0004673308
  -0.0003404331   -0.0000428748   -0.0004683494
   0.0003887085   -0.0007524145   -0.0023299160
   0.0085531598    0.0000118122    0.0000118122
  -0.0021170581   -0.0007321869   -0.0007321869
  -0.0012640326    0.0000000981    0.0000000981
  -0.0021275743    0.0007294264    0.0007294264
   0.0010307104   -0.0000000154    0.0000000333
  -0.0002806639   -0.0001792396   -0.0000389644
  -0.0004389976    0.0000000762    0.0000000311
  -0.0002824820    0.0001801195    0.0000393992
   0.0010307104    0.0000000154    0.0000000333
  -0.0002806639    0.0001792396   -0.0000389644
  -0.0004389976   -0.0000000762    0.0000000311
  -0.0002824820   -0.0001801195    0.0000393992
   0.0085531598   -0.0000118122    0.0000118122
  -0.0021170581    0.0007321869   -0.0007321869
  -0.0012640326   -0.0000000981    0.0000000981
  -0.0021275743   -0.0007294264    0.0007294264
   0.0010307104    0.0000000333   -0.0000000154
  -0.0002806639   -0.0000389644   -0.0001792396
  -0.0004389976    0.0000000311    0.0000000762
  -0.0002824820    0.0000393992    0.0001801195
   0.0003145516    0.0000000023    0.0000000023
  -0.0000925194   -0.0000727043   -0.0000727043
  -0.0001294522    0.0000000802    0.0000000802
  -0.0000933350    0.0000729925    0.0000729925
   0.0003145516   -0.0000000023    0.0000000023
  -0.0000925194    0.0000727043   -0.0000727043
  -0.0001294522   -0.0000000802    0.0000000802
  -0.0000933350   -0.0000729925    0.0000729925
   0.0010307104   -0.0000000333   -0.0000000154
  -0.0002806639    0.0000389644   -0.0001792396
  -0.0004389976   -0.0000000311    0.0000000762
  -0.0002824820   -0.0000393992    0.0001801195
   0.0010307104    0.0000000333    0.0000000154
  -0.0002806639   -0.0000389644    0.0001792396
  -0.0004389976    0.0000000311   -0.0000000762
  -0.0002824820    0.0000393992   -0.0001801195
   0.0003145516    0.0000000023   -0.0000000023
  -0.0000925194   -0.0000727043    0.0000727043
  -0.0001294522    0.0000000802   -0.0000000802
  -0.0000933350    0.0000729925   -0.0000729925
   0.0003145516   -0.0000000023   -0.0000000023
  -0.0000925194    0.0000727043    0.0000727043
  -0.0001294522   -0.0000000802   -0.0000000802
  -0.0000933350   -0.0000729925   -0.0000729925
   0.0010307104   -0.0000000333    0.0000000154
  -0.0002806639    0.0000389644    0.0001792396
  -0.0004389976   -0.0000000311   -0.0000000762
  -0.0002824820   -0.0000393992   -0.0001801195
   0.0085531598    0.0000118122   -0.0000118122
  -0.0021170581   -0.0007321869    0.0007321869
  -0.0012640326    0.0000000981   -0.0000000981
  -0.0021275743    0.0007294264   -0.0007294264
   0.0010307104   -0.0000000154   -0.0000000333
  -0.0002806639   -0.0001792396    0.0000389644
  -0.0004389976    0.0000000762   -0.0000000311
  -0.0002824820    0.0001801195   -0.0000393992
   0.0010307104    0.0000000154   -0.0000000333
  -0.0002806639    0.0001792396    0.0000389644
  -0.0004389976   -0.0000000762   -0.0000000311
  -0.0002824820   -0.0001801195   -0.0000393992
   0.0085531598   -0.0000118122   -0.0000118122
  -0.0021170581    0.0007321869    0.0007321869
  -0.0012640326   -0.0000000981   -0.0000000981
  -0.0021275743   -0.0007294264   -0.0007294264

1    
 -0.0100000000000000   0.0000000000000000   0.0000000000000000
   0.0529034912    0.0000000000    0.0000000000
  -0.0082731571    0.0000000000    0.0000000000
  -0.0006840408    0.0000000000    0.0000000000
  -0.0083814534    0.0000000000    0.0000000000
   0.0024448634   -0.0000114618    0.0000000000
  -0.0008021079   -0.0008653398    0.0000000000
  -0.0004199793    0.0000003057    0.0000000000
  -0.0008082803    0.0008699984    0.0000000000
   0.0004297718   -0.0000000000    0.0000000000
  -0.0001080413   -0.0000000000    0.0000000000
  -0.0002378842   -0.0000000000    0.0000000000
  -0.0001072376   -0.0000000000    0.0000000000
   0.0024448634    0.0000114618    0.0000000000
  -0.0008021079    0.0008653398    0.0000000000
  -0.0004199793   -0.0000003057    0.0000000000
  -0.0008082803   -0.0008699984    0.0000000000
   0.0024448634    0.0000000000   -0.0000114618
  -0.0008021079    0.0000000000   -0.0008653398
  -0.0004199793    0.0000000000    0.0000003057
  -0.0008082803    0.0000000000    0.0008699984
   0.0008374368   -0.0000011185   -0.0000011185
  -0.0002994872   -0.0002888865   -0.0002888865
  -0.0002733500   -0.0000000270   -0.0000000270
  -0.0002993646    0.0002876607    0.0002876607
   0.0003184674   -0.0000000000   -0.0000001841
  -0.0000818214   -0.0000000000   -0.0001217051
  -0.0001506516   -0.0000000000   -0.0000001120
  -0.0000812377   -0.0000000000    0.0001210388
   0.0008374368    0.0000011185   -0.0000011185
  -0.0002994872    0.0002888865   -0.0002888865
  -0.0002733500    0.0000000270   -0.0000000270
  -0.0002993646   -0.0002876607    0.0002876607
   0.0004297718    0.0000000000   -0.0000000000
  -0.0001080413    0.0000000000   -0.0000000000
  -0.0002378842    0.0000000000   -0.0000000000
  -0.0001072376    0.0000000000   -0.0000000000
   0.0003184674   -0.0000001841   -0.0000000000
  -0.0000818214   -0.0001217051   -0.0000000000
  -0.0001506516   -0.0000001120   -0.0000000000
  -0.0000812377    0.0001210388   -0.0000000000
   0.0001387257   -0.0000000000   -0.0000000000
  -0.0000416362   -0.0000000000   -0.0000000000
  -0.0000520947   -0.0000000000   -0.0000000000
  -0.0000413020   -0.0000000000   -0.0000000000
   0.0003184674    0.0000001841   -0.0000000000
  -0.0000818214    0.0001217051   -0.0000000000
  -0.0001506516    0.0000001120   -0.0000000000
  -0.0000812377   -0.0001210388   -0.0000000000
   0.0024448634    0.0000000000    0.0000114618
  -0.0008021079    0.0000000000    0.0008653398
  -0.0004199793    0.0000000000   -0.0000003057
  -0.0008082803    0.0000000000   -0.0008699984
   0.0008374368   -0.0000011185    0.0000011185
  -0.0002994872   -0.0002888865    0.0002888865
  -0.0002733500   -0.0000000270    0.0000000270
  -0.0002993646    0.0002876607   -0.0002876607
   0.0003184674   -0.0000000000    0.0000001841
  -0.0000818214   -0.0000000000    0.0001217051
  -0.0001506516   -0.0000000000    0.0000001120
  -0.0000812377   -0.0000000000   -0.0001210388
   0.0008374368    0.0000011185    0.0000011185
  -0.0002994872    0.0002888865    0.0002888865
  -0.0002733500    0.0000000270    0.0000000270
  -0.0002993646   -0.0002876607   -0.0002876607
  -0.0012838288   -0.0108589714   -0.0108589714
  -0.0019915943   -0.0003164953   -0.0003164953
  -0.0019822249    0.0003190680    0.0003190680
  -0.0012745869    0.0109368658    0.0109368658
   0.0004589930   -0.0011811797   -0.0002003970
  -0.0004816062   -0.0003549976   -0.0001278195
  -0.0004794488    0.0003543785    0.0001271539
   0.0004577381    0.0011777161    0.0002003248
   0.0004589930    0.0011811797   -0.0002003970
  -0.0004816062    0.0003549976   -0.0001278195
  -0.0004794488   -0.0003543785    0.0001271539
   0.0004577381   -0.0011777161    0.0002003248
  -0.0012838288    0.0108589714   -0.0108589714
  -0.0019915943    0.0003164953   -0.0003164953
  -0.0019822249   -0.0003190680    0.0003190680
  -0.0012745869   -0.0109368658    0.0109368658
   0.0004589930   -0.0002003970   -0.0011811797
  -0.0004816062   -0.0001278195   -0.0003549976
  -0.0004794488    0.0001271539    0.0003543785
   0.0004577381    0.0002003248    0.0011777161
   0.0001472974   -0.0002503623   -0.0002503623
  -0.0001467284   -0.0001221973   -0.0001221973
  -0.0001460231    0.0001218457    0.0001218457
   0.0001479302    0.0002496702    0.0002496702
   0.0001472974    0.0002503623   -0.0002503623
  -0.0001467284    0.0001221973   -0.0001221973
  -0.0001460231   -0.0001218457    0.0001218457
   0.0001479302   -0.0002496702    0.0002496702
   0.0004589930    0.0002003970   -0.0011811797
  -0.0004816062    0.0001278195   -0.0003549976
  -0.0004794488   -0.0001271539    0.0003543785
   0.0004577381   -0.0002003248    0.0011777161
   0.0004589930   -0.0002003970    0.0011811797
  -0.0004816062   -0.0001278195    0.0003549976
  -0.0004794488    0.0001271539   -0.0003543785
   0.0004577381    0.0002003248   -0.0011777161
   0.0001472974   -0.0002503623    0.0002503623
  -0.0001467284   -0.0001221973    0.0001221973
  -0.0001460231    0.0001218457   -0.0001218457
   0.0001479302    0.0002496702   -0.0002496702
   0.0001472974    0.0002503623    0.0002503623
  -0.0001467284    0.0001221973    0.0001221973
  -0.0001460231   -0.0001218457   -0.0001218457
   0.0001479302   -0.0002496702   -0.0002496702
   0.0004589930    0.0002003970    0.0011811797
  -0.0004816062    0.0001278195    0.0003549976
  -0.0004794488   -0.0001271539   -0.0003543785
   0.0004577381   -0.0002003248   -0.0011777161
  -0.0012838288   -0.0108589714    0.0108589714
  -0.0019915943   -0.0003164953    0.0003164953
  -0.0019822249    0.0003190680   -0.0003190680
  -0.0012745869    0.0109368658   -0.0109368658
   0.0004589930   -0.0011811797    0.0002003970
  -0.0004816062   -0.0003549976    0.0001278195
  -0.0004794488    0.0003543785   -0.0001271539
   0.0004577381    0.0011777161   -0.0002003248
   0.0004589930    0.0011811797    0.0002003970
  -0.0004816062    0.0003549976    0.0001278195
  -0.0004794488   -0.0003543785   -0.0001271539
   0.0004577381   -0.0011777161   -0.0002003248
  -0.0012838288    0.0108589714    0.0108589714
  -0.0019915943    0.0003164953    0.0003164953
  -0.0019822249   -0.0003190680   -0.0003190680
  -0.0012745869   -0.0109368658   -0.0109368658
  -0.0001758079   -0.0000000000    0.0037127915
   0.0005616992   -0.0000000000    0.0001571795
   0.0005623169   -0.0000000000   -0.0001605270
  -0.0003264866   -0.0000000000   -0.0036205982
  -0.0003887085    0.0023299160    0.0007524145
   0.0003404331    0.0004683494    0.0000428748
   0.0003384283   -0.0004673308   -0.0000425656
  -0.0003909766   -0.0023248853   -0.0007561126
  -0.0001429598    0.0000000000    0.0000584040
   0.0001425512    0.0000000000    0.0000408619
   0.0001418414    0.0000000000   -0.0000407508
  -0.0001430050    0.0000000000   -0.0000580596
  -0.0003887085   -0.0023299160    0.0007524145
   0.0003404331   -0.0004683494    0.0000428748
   0.0003384283    0.0004673308   -0.0000425656
  -0.0003909766    0.0023248853   -0.0007561126
  -0.0001764978   -0.0000000000    0.0002479414
   0.0001722397   -0.0000000000    0.0001168202
   0.0001713255   -0.0000000000   -0.0001165316
  -0.0001750082   -0.0000000000   -0.0002481941
  -0.0000993878    0.0004022457    0.0001918519
   0.0001104595    0.0001562756    0.0000737425
   0.0001099550   -0.0001555492   -0.0000735654
  -0.0000989639   -0.0004011649   -0.0001917170
  -0.0000413342    0.0000000000    0.0000723581
   0.0000414344    0.0000000000    0.0000329624
   0.0000411169    0.0000000000   -0.0000327823
  -0.0000415492    0.0000000000   -0.0000719187
  -0.0000993878   -0.0004022457    0.0001918519
   0.0001104595   -0.0001562756    0.0000737425
   0.0001099550    0.0001555492   -0.0000735654
  -0.0000989639    0.0004011649   -0.0001917170
  -0.0001764978   -0.0000000000   -0.0002479414
   0.0001722397   -0.0000000000   -0.0001168202
   0.0001713255   -0.0000000000    0.0001165316
  -0.0001750082   -0.0000000000    0.0002481941
  -0.0000993878    0.0004022457   -0.0001918519
   0.0001104595    0.0001562756   -0.0000737425
   0.0001099550   -0.0001555492    0.0000735654
  -0.0000989639   -0.0004011649    0.0001917170
  -0.0000413342    0.0000000000   -0.0000723581
   0.0000414344    0.0000000000   -0.0000329624
   0.0000411169    0.0000000000    0.0000327823
  -0.0000415492    0.0000000000    0.0000719187
  -0.0000993878   -0.0004022457   -0.0001918519
   0.0001104595   -0.0001562756   -0.0000737425
   0.0001099550    0.0001555492    0.0000735654
  -0.0000989639    0.0004011649    0.0001917170
  -0.0001758079   -0.0000000000   -0.0037127915
   0.0005616992   -0.0000000000   -0.0001571795
   0.0005623169   -0.0000000000    0.0001605270
  -0.0003264866   -0.0000000000    0.0036205982
  -0.0003887085    0.0023299160   -0.0007524145
   0.0003404331    0.0004683494   -0.0000428748
   0.0003384283   -0.0004673308    0.0000425656
  -0.0003909766   -0.0023248853    0.0007561126
  -0.0001429598    0.0000000000   -0.0000584040
   0.0001425512    0.0000000000   -0.0000408619
   0.0001418414    0.0000000000    0.0000407508
  -0.0001430050    0.0000000000    0.0000580596
  -0.0003887085   -0.0023299160   -0.0007524145
   0.0003404331   -0.0004683494   -0.0000428748
   0.0003384283    0.0004673308    0.0000425656
  -0.0003909766    0.0023248853    0.0007561126
  -0.0001758079    0.0037127915   -0.0000000000
   0.0005616992    0.0001571795   -0.0000000000
   0.0005623169   -0.0001605270   -0.0000000000
  -0.0003264866   -0.0036205982   -0.0000000000
  -0.0001764978    0.0002479414   -0.0000000000
   0.0001722397    0.0001168202   -0.0000000000
   0.0001713255   -0.0001165316   -0.0000000000
  -0.0001750082   -0.0002481941   -0.0000000000
  -0.0001764978   -0.0002479414   -0.0000000000
   0.0001722397   -0.0001168202   -0.0000000000
   0.0001713255    0.0001165316   -0.0000000000
  -0.0001750082    0.0002481941   -0.0000000000
  -0.0001758079   -0.0037127915   -0.0000000000
   0.0005616992   -0.0001571795   -0.0000000000
   0.0005623169    0.0001605270   -0.0000000000
  -0.0003264866    0.0036205982   -0.0000000000
  -0.0003887085    0.0007524145    0.0023299160
   0.0003404331    0.0000428748    0.0004683494
   0.0003384283   -0.0000425656   -0.0004673308
  -0.0003909766   -0.0007561126   -0.0023248853
  -0.0000993878    0.0001918519    0.0004022457
   0.0001104595    0.0000737425    0.0001562756
   0.0001099550   -0.0000735654   -0.0001555492
  -0.0000989639   -0.0001917170   -0.0004011649
  -0.0000993878   -0.0001918519    0.0004022457
   0.0001104595   -0.0000737425    0.0001562756
   0.0001099550    0.0000735654   -0.0001555492
  -0.0000989639    0.0001917170   -0.0004011649
  -0.0003887085   -0.0007524145    0.0023299160
   0.0003404331   -0.0000428748    0.0004683494
   0.0003384283    0.0000425656   -0.0004673308
  -0.0003909766    0.0007561126   -0.0023248853
  -0.0001429598    0.0000584040    0.0000000000
   0.0001425512    0.0000408619    0.0000000000
   0.0001418414   -0.0000407508    0.0000000000
  -0.0001430050   -0.0000580596    0.0000000000
  -0.0000413342    0.0000723581    0.0000000000
   0.0000414344    0.0000329624    0.0000000000
   0.0000411169   -0.0000327823    0.0000000000
  -0.0000415492   -0.0000719187    0.0000000000
  -0.0000413342   -0.0000723581    0.0000000000
   0.0000414344   -0.0000329624    0.0000000000
   0.0000411169    0.0000327823    0.0000000000
  -0.0000415492    0.0000719187    0.0000000000
  -0.0001429598   -0.0000584040    0.0000000000
   0.0001425512   -0.0000408619    0.0000000000
   0.0001418414    0.0000407508    0.0000000000
  -0.0001430050    0.0000580596    0.0000000000
  -0.0003887085    0.0007524145   -0.0023299160
   0.0003404331    0.0000428748   -0.0004683494
   0.0003384283   -0.0000425656    0.0004673308
  -0.0003909766   -0.0007561126    0.0023248853
  -0.0000993878    0.0001918519   -0.0004022457
   0.0001104595    0.0000737425   -0.0001562756
   0.0001099550   -0.0000735654    0.0001555492
  -0.0000989639   -0.0001917170    0.0004011649
  -0.0000993878   -0.0001918519   -0.0004022457
   0.0001104595   -0.0000737425   -0.0001562756
   0.0001099550    0.0000735654    0.0001555492
  -0.0000989639    0.0001917170    0.0004011649
  -0.0003887085   -0.0007524145   -0.0023299160
   0.0003404331   -0.0000428748   -0.0004683494
   0.0003384283    0.0000425656    0.0004673308
  -0.0003909766    0.0007561126    0.0023248853
  -0.0085531598    0.0000118122    0.0000118122
   0.0021275743    0.0007294264    0.0007294264
   0.0012640326    0.0000000981    0.0000000981
   0.0021170581   -0.0007321869   -0.0007321869
  -0.0010307104   -0.0000000154    0.0000000333
   0.0002824820    0.0001801195    0.0000393992
   0.0004389976    0.0000000762    0.0000000311
   0.0002806639   -0.0001792396   -0.0000389644
  -0.0010307104    0.0000000154    0.0000000333
   0.0002824820   -0.0001801195    0.0000393992
   0.0004389976   -0.0000000762    0.0000000311
   0.0002806639    0.0001792396   -0.0000389644
  -0.0085531598   -0.0000118122    0.0000118122
   0.0021275743   -0.0007294264    0.0007294264
   0.0012640326   -0.0000000981    0.0000000981
   0.0021170581    0.0007321869   -0.0007321869
  -0.0010307104    0.0000000333   -0.0000000154
   0.0002824820    0.0000393992    0.0001801195
   0.0004389976    0.0000000311    0.0000000762
   0.0002806639   -0.0000389644   -0.0001792396
  -0.0003145516    0.0000000023    0.0000000023
   0.0000933350    0.0000729925    0.0000729925
   0.0001294522    0.0000000802    0.0000000802
   0.0000925194   -0.0000727043   -0.0000727043
  -0.0003145516   -0.0000000023    0.0000000023
   0.0000933350   -0.0000729925    0.0000729925
   0.0001294522   -0.0000000802    0.0000000802
   0.0000925194    0.0000727043   -0.0000727043
  -0.0010307104   -0.0000000333   -0.0000000154
   0.0002824820   -0.0000393992    0.0001801195
   0.0004389976   -0.0000000311    0.0000000762
   0.0002806639    0.0000389644   -0.0001792396
  -0.0010307104    0.0000000333    0.0000000154
   0.0002824820    0.0000393992   -0.0001801195
   0.0004389976    0.0000000311   -0.0000000762
   0.0002806639   -0.0000389644    0.0001792396
  -0.0003145516    0.0000000023   -0.0000000023
   0.0000933350    0.0000729925   -0.0000729925
   0.0001294522    0.0000000802   -0.0000000802
   0.0000925194   -0.0000727043    0.0000727043
  -0.0003145516   -0.0000000023   -0.0000000023
   0.0000933350   -0.0000729925   -0.0000729925
   0.0001294522   -0.0000000802   -0.0000000802
   0.0000925194    0.0000727043    0.0000727043
  -0.0010307104   -0.0000000333    0.0000000154
   0.0002824820   -0.0000393992   -0.0001801195
   0.0004389976   -0.0000000311   -0.0000000762
   0.0002806639    0.0000389644    0.0001792396
  -0.0085531598    0.0000118122   -0.0000118122
   0.0021275743    0.0007294264   -0.0007294264
   0.0012640326    0.0000000981   -0.0000000981
   0.0021170581   -0.0007321869    0.0007321869
  -0.0010307104   -0.0000000154   -0.0000000333
   0.0002824820    0.0001801195   -0.0000393992
   0.0004389976    0.0000000762   -0.0000000311
   0.0002806639   -0.0001792396    0.0000389644
  -0.0010307104    0.0000000154   -0.0000000333
   0.0002824820   -0.0001801195   -0.0000393992
   0.0004389976   -0.0000000762   -0.0000000311
   0.0002806639    0.0001792396    0.0000389644
  -0.0085531598   -0.0000118122   -0.0000118122
   0.0021275743   -0.0007294264   -0.0007294264
   0.0012640326   -0.0000000981   -0.0000000981
   0.0021170581    0.0007321869    0.0007321869

65   
  0.0100000000000000   0.0000000000000000   0.0000000000000000
   0.0012952663    0.0108573301    0.0108573301
   0.0012640300   -0.0109378079   -0.0109378079
   0.0019831106   -0.0011793011   -0.0011793011
   0.0019900834    0.0011791387    0.0011791387
   0.0012952663   -0.0108573301    0.0108573301
   0.0012640300    0.0109378079   -0.0109378079
   0.0019831106    0.0011793011   -0.0011793011
   0.0019900834   -0.0011791387    0.0011791387
  -0.0004552594   -0.0003206778    0.0002015696
  -0.0004613691    0.0003147497   -0.0001990646
   0.0004805713    0.0003555486   -0.0002509602
   0.0004803984   -0.0003537211    0.0002490059
  -0.0004552594    0.0003206778    0.0002015696
  -0.0004613691   -0.0003147497   -0.0001990646
   0.0004805713   -0.0003555486   -0.0002509602
   0.0004803984    0.0003537211    0.0002490059
   0.0012952663    0.0108573301   -0.0108573301
   0.0012640300   -0.0109378079    0.0109378079
   0.0019831106   -0.0011793011    0.0011793011
   0.0019900834    0.0011791387   -0.0011791387
   0.0012952663   -0.0108573301   -0.0108573301
   0.0012640300    0.0109378079    0.0109378079
   0.0019831106    0.0011793011    0.0011793011
   0.0019900834   -0.0011791387   -0.0011791387
  -0.0004552594   -0.0003206778   -0.0002015696
  -0.0004613691    0.0003147497    0.0001990646
   0.0004805713    0.0003555486    0.0002509602
   0.0004803984   -0.0003537211   -0.0002490059
  -0.0004552594    0.0003206778   -0.0002015696
  -0.0004613691   -0.0003147497    0.0001990646
   0.0004805713   -0.0003555486    0.0002509602
   0.0004803984    0.0003537211   -0.0002490059
  -0.0004552594    0.0002015696   -0.0003206778
  -0.0004613691   -0.0001990646    0.0003147497
   0.0004805713   -0.0002509602    0.0003555486
   0.0004803984    0.0002490059   -0.0003537211
  -0.0004552594   -0.0002015696   -0.0003206778
  -0.0004613691    0.0001990646    0.0003147497
   0.0004805713    0.0002509602    0.0003555486
   0.0004803984   -0.0002490059   -0.0003537211
  -0.0001470505   -0.0001270675   -0.0001270675
  -0.0001481653    0.0001279012    0.0001279012
   0.0001465544    0.0001225959    0.0001225959
   0.0001461873   -0.0001214360   -0.0001214360
  -0.0001470505    0.0001270675   -0.0001270675
  -0.0001481653   -0.0001279012    0.0001279012
   0.0001465544   -0.0001225959    0.0001225959
   0.0001461873    0.0001214360   -0.0001214360
  -0.0004552594    0.0002015696    0.0003206778
  -0.0004613691   -0.0001990646   -0.0003147497
   0.0004805713   -0.0002509602   -0.0003555486
   0.0004803984    0.0002490059    0.0003537211
  -0.0004552594   -0.0002015696    0.0003206778
  -0.0004613691    0.0001990646   -0.0003147497
   0.0004805713    0.0002509602   -0.0003555486
   0.0004803984   -0.0002490059    0.0003537211
  -0.0001470505   -0.0001270675    0.0001270675
  -0.0001481653    0.0001279012   -0.0001279012
   0.0001465544    0.0001225959   -0.0001225959
   0.0001461873   -0.0001214360    0.0001214360
  -0.0001470505    0.0001270675    0.0001270675
  -0.0001481653   -0.0001279012   -0.0001279012
   0.0001465544   -0.0001225959   -0.0001225959
   0.0001461873    0.0001214360    0.0001214360
  -0.1602328521    0.0000000000    0.0000000000
   0.0602376892    0.0000000000    0.0000000000
   0.0132188573    0.0000000000    0.0000000000
   0.0599288787    0.0000000000    0.0000000000
  -0.0038074474   -0.0001388080    0.0000000000
  -0.0001588469    0.0083318971    0.0000000000
   0.0037227221    0.0000038532    0.0000000000
  -0.0001231707   -0.0083334284    0.0000000000
  -0.0006205817   -0.0000000000    0.0000000000
  -0.0000229450   -0.0000000000    0.0000000000
   0.0006637553   -0.0000000000    0.0000000000
  -0.0000206762   -0.0000000000    0.0000000000
  -0.0038074474    0.0001388080    0.0000000000
  -0.0001588469   -0.0083318971    0.0000000000
   0.0037227221   -0.0000038532    0.0000000000
  -0.0001231707    0.0083334284    0.0000000000
  -0.0038074474    0.0000000000   -0.0001388080
  -0.0001588469    0.0000000000    0.0083318971
   0.0037227221    0.0000000000    0.0000038532
  -0.0001231707    0.0000000000   -0.0083334284
  -0.0010180449   -0.0000132853   -0.0000132853
   0.0000760023    0.0015919566    0.0015919566
   0.0011868336    0.0000024283    0.0000024283
   0.0000811399   -0.0015881023   -0.0015881023
  -0.0002804342   -0.0000000000   -0.0000002476
   0.0000116730   -0.0000000000    0.0003340217
   0.0002531514   -0.0000000000    0.0000004054
   0.0000125232   -0.0000000000   -0.0003315631
  -0.0010180449    0.0000132853   -0.0000132853
   0.0000760023   -0.0015919566    0.0015919566
   0.0011868336   -0.0000024283    0.0000024283
   0.0000811399    0.0015881023   -0.0015881023
  -0.0006205817    0.0000000000   -0.0000000000
  -0.0000229450    0.0000000000   -0.0000000000
   0.0006637553    0.0000000000   -0.0000000000
  -0.0000206762    0.0000000000   -0.0000000000
  -0.0002804342   -0.0000002476   -0.0000000000
   0.0000116730    0.0003340217   -0.0000000000
   0.0002531514    0.0000004054   -0.0000000000
   0.0000125232   -0.0003315631   -0.0000000000
  -0.0000795375   -0.0000000000   -0.0000000000
   0.0000091014   -0.0000000000   -0.0000000000
   0.0000534280   -0.0000000000   -0.0000000000
   0.0000097838   -0.0000000000   -0.0000000000
  -0.0002804342    0.0000002476   -0.0000000000
   0.0000116730   -0.0003340217   -0.0000000000
   0.0002531514   -0.0000004054   -0.0000000000
   0.0000125232    0.0003315631   -0.0000000000
  -0.0038074474    0.0000000000    0.0001388080
  -0.0001588469    0.0000000000   -0.0083318971
   0.0037227221    0.0000000000   -0.0000038532
  -0.0001231707    0.0000000000    0.0083334284
  -0.0010180449   -0.0000132853    0.0000132853
   0.0000760023    0.0015919566   -0.0015919566
   0.0011868336    0.0000024283   -0.0000024283
   0.0000811399   -0.0015881023    0.0015881023
  -0.0002804342   -0.0000000000    0.0000002476
   0.0000116730   -0.0000000000   -0.0003340217
   0.0002531514   -0.0000000000   -0.0000004054
   0.0000125232   -0.0000000000    0.0003315631
  -0.0010180449    0.0000132853    0.0000132853
   0.0000760023   -0.0015919566   -0.0015919566
   0.0011868336   -0.0000024283   -0.0000024283
   0.0000811399    0.0015881023    0.0015881023
   0.0153002452    0.0001788752   -0.0000000000
  -0.0060872152    0.0128262730   -0.0000000000
  -0.0024114268    0.0000017538   -0.0000000000
  -0.0060538774   -0.0128340396   -0.0000000000
   0.0153002452   -0.0001788752   -0.0000000000
  -0.0060872152   -0.0128262730   -0.0000000000
  -0.0024114268   -0.0000017538   -0.0000000000
  -0.0060538774    0.0128340396   -0.0000000000
   0.0005789183    0.0000248887   -0.0000000000
   0.0000305472   -0.0019817970   -0.0000000000
  -0.0006398375   -0.0000037151   -0.0000000000
   0.0000252988    0.0019815793   -0.0000000000
   0.0005789183   -0.0000248887   -0.0000000000
   0.0000305472    0.0019817970   -0.0000000000
  -0.0006398375    0.0000037151   -0.0000000000
   0.0000252988   -0.0019815793   -0.0000000000
   0.0010764495   -0.0000211668    0.0000157111
  -0.0000603136    0.0018423493   -0.0013002448
  -0.0008099144    0.0000026780   -0.0000019732
  -0.0000707798   -0.0018459477    0.0013061293
   0.0010764495    0.0000211668    0.0000157111
  -0.0000603136   -0.0018423493   -0.0013002448
  -0.0008099144   -0.0000026780   -0.0000019732
  -0.0000707798    0.0018459477    0.0013061293
   0.0002028388    0.0000033942    0.0000020759
   0.0000053963   -0.0005938853   -0.0002658464
  -0.0002223464   -0.0000010405   -0.0000005004
   0.0000045166    0.0005903828    0.0002648672
   0.0002028388   -0.0000033942    0.0000020759
   0.0000053963    0.0005938853   -0.0002658464
  -0.0002223464    0.0000010405   -0.0000005004
   0.0000045166   -0.0005903828    0.0002648672
   0.0001570416   -0.0000019572    0.0000000000
   0.0000073687    0.0003335846    0.0000000000
  -0.0002023647    0.0000005825    0.0000000000
   0.0000065421   -0.0003307389    0.0000000000
   0.0001570416    0.0000019572    0.0000000000
   0.0000073687   -0.0003335846    0.0000000000
  -0.0002023647   -0.0000005825    0.0000000000
   0.0000065421    0.0003307389    0.0000000000
   0.0000596271    0.0000003477   -0.0000000000
  -0.0000000238   -0.0001624690    0.0000000000
  -0.0000565888   -0.0000001954    0.0000000000
  -0.0000003419    0.0001617690   -0.0000000000
   0.0000596271   -0.0000003477    0.0000000000
  -0.0000000238    0.0001624690    0.0000000000
  -0.0000565888    0.0000001954    0.0000000000
  -0.0000003419   -0.0001617690    0.0000000000
   0.0010764495   -0.0000211668   -0.0000157111
  -0.0000603136    0.0018423493    0.0013002448
  -0.0008099144    0.0000026780    0.0000019732
  -0.0000707798   -0.0018459477   -0.0013061293
   0.0010764495    0.0000211668   -0.0000157111
  -0.0000603136   -0.0018423493    0.0013002448
  -0.0008099144   -0.0000026780    0.0000019732
  -0.0000707798    0.0018459477   -0.0013061293
   0.0002028388    0.0000033942   -0.0000020759
   0.0000053963   -0.0005938853    0.0002658464
  -0.0002223464   -0.0000010405    0.0000005004
   0.0000045166    0.0005903828   -0.0002648672
   0.0002028388   -0.0000033942   -0.0000020759
   0.0000053963    0.0005938853    0.0002658464
  -0.0002223464    0.0000010405    0.0000005004
   0.0000045166   -0.0005903828   -0.0002648672
   0.0153002452   -0.0000000000    0.0001788752
  -0.0060872152   -0.0000000000    0.0128262730
  -0.0024114268   -0.0000000000    0.0000017538
  -0.0060538774   -0.0000000000   -0.0128340396
   0.0010764495    0.0000157111   -0.0000211668
  -0.0000603136   -0.0013002448    0.0018423493
  -0.0008099144   -0.0000019732    0.0000026780
  -0.0000707798    0.0013061293   -0.0018459477
   0.0001570416   -0.0000000000   -0.0000019572
   0.0000073687   -0.0000000000    0.0003335846
  -0.0002023647   -0.0000000000    0.0000005825
   0.0000065421   -0.0000000000   -0.0003307389
   0.0010764495   -0.0000157111   -0.0000211668
  -0.0000603136    0.0013002448    0.0018423493
  -0.0008099144    0.0000019732    0.0000026780
  -0.0000707798   -0.0013061293   -0.0018459477
   0.0153002452   -0.0000000000   -0.0001788752
  -0.0060872152   -0.0000000000   -0.0128262730
  -0.0024114268   -0.0000000000   -0.0000017538
  -0.0060538774   -0.0000000000    0.0128340396
   0.0010764495    0.0000157111    0.0000211668
  -0.0000603136   -0.0013002448   -0.0018423493
  -0.0008099144   -0.0000019732   -0.0000026780
  -0.0000707798    0.0013061293    0.0018459477
   0.0001570416    0.0000000000    0.0000019572
   0.0000073687    0.0000000000   -0.0003335846
  -0.0002023647    0.0000000000   -0.0000005825
   0.0000065421   -0.0000000000    0.0003307389
   0.0010764495   -0.0000157111    0.0000211668
  -0.0000603136    0.0013002448   -0.0018423493
  -0.0008099144    0.0000019732   -0.0000026780
  -0.0000707798   -0.0013061293    0.0018459477
   0.0005789183   -0.0000000000    0.0000248887
   0.0000305472   -0.0000000000   -0.0019817970
  -0.0006398375   -0.0000000000   -0.0000037151
   0.0000252988   -0.0000000000    0.0019815793
   0.0002028388    0.0000020759    0.0000033942
   0.0000053963   -0.0002658464   -0.0005938853
  -0.0002223464   -0.0000005004   -0.0000010405
   0.0000045166    0.0002648672    0.0005903828
   0.0000596271    0.0000000000    0.0000003477
  -0.0000000238    0.0000000000   -0.0001624690
  -0.0000565888    0.0000000000   -0.0000001954
  -0.0000003419    0.0000000000    0.0001617690
   0.0002028388   -0.0000020759    0.0000033942
   0.0000053963    0.0002658464   -0.0005938853
  -0.0002223464    0.0000005004   -0.0000010405
   0.0000045166   -0.0002648672    0.0005903828
   0.0005789183   -0.0000000000   -0.0000248887
   0.0000305472   -0.0000000000    0.0019817970
  -0.0006398375   -0.0000000000    0.0000037151
   0.0000252988   -0.0000000000   -0.0019815793
   0.0002028388    0.0000020759   -0.0000033942
   0.0000053963   -0.0002658464    0.0005938853
  -0.0002223464   -0.0000005004    0.0000010405
   0.0000045166    0.0002648672   -0.0005903828
   0.0000596271   -0.0000000000   -0.0000003477
  -0.0000000238   -0.0000000000    0.0001624690
  -0.0000565888   -0.0000000000    0.0000001954
  -0.0000003419   -0.0000000000   -0.0001617690
   0.0002028388   -0.0000020759   -0.0000033942
   0.0000053963    0.0002658464    0.0005938853
  -0.0002223464    0.0000005004    0.0000010405
   0.0000045166   -0.0002648672   -0.0005903828
   0.0124878990   -0.0000000000   -0.0000000000
   0.0171134237   -0.0000000000   -0.0000000000
  -0.0158614020   -0.0000000000   -0.0000000000
  -0.0159812760   -0.0000000000   -0.0000000000
   0.0026816033    0.0014716478   -0.0000000000
   0.0027335604   -0.0014407596   -0.0000000000
  -0.0027676991   -0.0011473129   -0.0000000000
  -0.0027709425    0.0011431234   -0.0000000000
   0.0005626658   -0.0000000000   -0.0000000000
   0.0005711273    0.0000000000   -0.0000000000
  -0.0005351877    0.0000000000   -0.0000000000
  -0.0005332161   -0.0000000000   -0.0000000000
   0.0026816033   -0.0014716478   -0.0000000000
   0.0027335604    0.0014407596   -0.0000000000
  -0.0027676991    0.0011473129   -0.0000000000
  -0.0027709425   -0.0011431234   -0.0000000000
   0.0026816033   -0.0000000000    0.0014716478
   0.0027335604   -0.0000000000   -0.0014407596
  -0.0027676991   -0.0000000000   -0.0011473129
  -0.0027709425   -0.0000000000    0.0011431234
   0.0006765707    0.0005830023    0.0005830023
   0.0006903715   -0.0005812403   -0.0005812403
  -0.0007789141   -0.0002721671   -0.0002721671
  -0.0007794270    0.0002704425    0.0002704425
   0.0002076947    0.0000000000    0.0000652672
   0.0002098746    0.0000000000   -0.0000659134
  -0.0002014796   -0.0000000000   -0.0000764871
  -0.0002013090    0.0000000000    0.0000756742
   0.0006765707   -0.0005830023    0.0005830023
   0.0006903715    0.0005812403   -0.0005812403
  -0.0007789141    0.0002721671   -0.0002721671
  -0.0007794270   -0.0002704425    0.0002704425
   0.0005626658   -0.0000000000    0.0000000000
   0.0005711273   -0.0000000000    0.0000000000
  -0.0005351877   -0.0000000000    0.0000000000
  -0.0005332161   -0.0000000000   -0.0000000000
   0.0002076947    0.0000652672   -0.0000000000
   0.0002098746   -0.0000659134    0.0000000000
  -0.0002014796   -0.0000764871    0.0000000000
  -0.0002013090    0.0000756742    0.0000000000
   0.0000443809   -0.0000000000    0.0000000000
   0.0000453561    0.0000000000    0.0000000000
  -0.0000423370   -0.0000000000    0.0000000000
  -0.0000425215   -0.0000000000    0.0000000000
   0.0002076947   -0.0000652672    0.0000000000
   0.0002098746    0.0000659134   -0.0000000000
  -0.0002014796    0.0000764871   -0.0000000000
  -0.0002013090   -0.0000756742   -0.0000000000
   0.0026816033   -0.0000000000   -0.0014716478
   0.0027335604   -0.0000000000    0.0014407596
  -0.0027676991   -0.0000000000    0.0011473129
  -0.0027709425   -0.0000000000   -0.0011431234
   0.0006765707    0.0005830023   -0.0005830023
   0.0006903715   -0.0005812403    0.0005812403
  -0.0007789141   -0.0002721671    0.0002721671
  -0.0007794270    0.0002704425   -0.0002704425
   0.0002076947   -0.0000000000   -0.0000652672
   0.0002098746   -0.0000000000    0.0000659134
  -0.0002014796    0.0000000000    0.0000764871
  -0.0002013090   -0.0000000000   -0.0000756742
   0.0006765707   -0.0005830023   -0.0005830023
   0.0006903715    0.0005812403    0.0005812403
  -0.0007789141    0.0002721671    0.0002721671
  -0.0007794270   -0.0002704425   -0.0002704425

65   
 -0.0100000000000000   0.0000000000000000   0.0000000000000000
  -0.0012640300   -0.0109378079   -0.0109378079
  -0.0012952663    0.0108573301    0.0108573301
  -0.0019900834    0.0011791387    0.0011791387
  -0.0019831106   -0.0011793011   -0.0011793011
  -0.0012640300    0.0109378079   -0.0109378079
  -0.0012952663   -0.0108573301    0.0108573301
  -0.0019900834   -0.0011791387    0.0011791387
  -0.0019831106    0.0011793011   -0.0011793011
   0.0004613691    0.0003147497   -0.0001990646
   0.0004552594   -0.0003206778    0.0002015696
  -0.0004803984   -0.0003537211    0.0002490059
  -0.0004805713    0.0003555486   -0.0002509602
   0.0004613691   -0.0003147497   -0.0001990646
   0.0004552594    0.0003206778    0.0002015696
  -0.0004803984    0.0003537211    0.0002490059
  -0.0004805713   -0.0003555486   -0.0002509602
  -0.0012640300   -0.0109378079    0.0109378079
  -0.0012952663    0.0108573301   -0.0108573301
  -0.0019900834    0.0011791387   -0.0011791387
  -0.0019831106   -0.0011793011    0.0011793011
  -0.0012640300    0.0109378079    0.0109378079
  -0.0012952663   -0.0108573301   -0.0108573301
  -0.0019900834   -0.0011791387   -0.0011791387
  -0.0019831106    0.0011793011    0.0011793011
   0.0004613691    0.0003147497    0.0001990646
   0.0004552594   -0.0003206778   -0.0002015696
  -0.0004803984   -0.0003537211   -0.0002490059
  -0.0004805713    0.0003555486    0.0002509602
   0.0004613691   -0.0003147497    0.0001990646
   0.0004552594    0.0003206778   -0.0002015696
  -0.0004803984    0.0003537211   -0.0002490059
  -0.0004805713   -0.0003555486    0.0002509602
   0.0004613691   -0.0001990646    0.0003147497
   0.0004552594    0.0002015696   -0.0003206778
  -0.0004803984    0.0002490059   -0.0003537211
  -0.0004805713   -0.0002509602    0.0003555486
   0.0004613691    0.0001990646    0.0003147497
   0.0004552594   -0.0002015696   -0.0003206778
  -0.0004803984   -0.0002490059   -0.0003537211
  -0.0004805713    0.0002509602    0.0003555486
   0.0001481653    0.0001279012    0.0001279012
   0.0001470505   -0.0001270675   -0.0001270675
  -0.0001461873   -0.0001214360   -0.0001214360
  -0.0001465544    0.0001225959    0.0001225959
   0.0001481653   -0.0001279012    0.0001279012
   0.0001470505    0.0001270675   -0.0001270675
  -0.0001461873    0.0001214360   -0.0001214360
  -0.0001465544   -0.0001225959    0.0001225959
   0.0004613691   -0.0001990646   -0.0003147497
   0.0004552594    0.0002015696    0.0003206778
  -0.0004803984    0.0002490059    0.0003537211
  -0.0004805713   -0.0002509602   -0.0003555486
   0.0004613691    0.0001990646   -0.0003147497
   0.0004552594   -0.0002015696    0.0003206778
  -0.0004803984   -0.0002490059    0.0003537211
  -0.0004805713    0.0002509602   -0.0003555486
   0.0001481653    0.0001279012   -0.0001279012
   0.0001470505   -0.0001270675    0.0001270675
  -0.0001461873   -0.0001214360    0.0001214360
  -0.0001465544    0.0001225959   -0.0001225959
   0.0001481653   -0.0001279012   -0.0001279012
   0.0001470505    0.0001270675    0.0001270675
  -0.0001461873    0.0001214360    0.0001214360
  -0.0001465544   -0.0001225959   -0.0001225959
   0.1602328521    0.0000000000    0.0000000000
  -0.0599288787    0.0000000000    0.0000000000
  -0.0132188573    0.0000000000    0.0000000000
  -0.0602376892    0.0000000000    0.0000000000
   0.0038074474   -0.0001388080    0.0000000000
   0.0001231707   -0.0083334284    0.0000000000
  -0.0037227221    0.0000038532    0.0000000000
   0.0001588469    0.0083318971    0.0000000000
   0.0006205817   -0.0000000000    0.0000000000
   0.0000206762   -0.0000000000    0.0000000000
  -0.0006637553   -0.0000000000    0.0000000000
   0.0000229450   -0.0000000000    0.0000000000
   0.0038074474    0.0001388080    0.0000000000
   0.0001231707    0.0083334284    0.0000000000
  -0.0037227221   -0.0000038532    0.0000000000
   0.0001588469   -0.0083318971    0.0000000000
   0.0038074474    0.0000000000   -0.0001388080
   0.0001231707    0.0000000000   -0.0083334284
  -0.0037227221    0.0000000000    0.0000038532
   0.0001588469    0.0000000000    0.0083318971
   0.0010180449   -0.0000132853   -0.0000132853
  -0.0000811399   -0.0015881023   -0.0015881023
  -0.0011868336    0.0000024283    0.0000024283
  -0.0000760023    0.0015919566    0.0015919566
   0.0002804342   -0.0000000000   -0.0000002476
  -0.0000125232   -0.0000000000   -0.0003315631
  -0.0002531514   -0.0000000000    0.0000004054
  -0.0000116730   -0.0000000000    0.0003340217
   0.0010180449    0.0000132853   -0.0000132853
  -0.0000811399    0.0015881023   -0.0015881023
  -0.0011868336   -0.0000024283    0.0000024283
  -0.0000760023   -0.0015919566    0.0015919566
   0.0006205817    0.0000000000   -0.0000000000
   0.0000206762    0.0000000000   -0.0000000000
  -0.0006637553    0.0000000000   -0.0000000000
   0.0000229450    0.0000000000   -0.0000000000
   0.0002804342   -0.0000002476   -0.0000000000
  -0.0000125232   -0.0003315631   -0.0000000000
  -0.0002531514    0.0000004054   -0.0000000000
  -0.0000116730    0.0003340217   -0.0000000000
   0.0000795375   -0.0000000000   -0.0000000000
  -0.0000097838   -0.0000000000   -0.0000000000
  -0.0000534280   -0.0000000000   -0.0000000000
  -0.0000091014   -0.0000000000   -0.0000000000
   0.0002804342    0.0000002476   -0.0000000000
  -0.0000125232    0.0003315631   -0.0000000000
  -0.0002531514   -0.0000004054   -0.0000000000
  -0.0000116730   -0.0003340217   -0.0000000000
   0.0038074474    0.0000000000    0.0001388080
   0.0001231707    0.0000000000    0.0083334284
  -0.0037227221    0.0000000000   -0.0000038532
   0.0001588469    0.0000000000   -0.0083318971
   0.0010180449   -0.0000132853    0.0000132853
  -0.0000811399   -0.0015881023    0.0015881023
  -0.0011868336    0.0000024283   -0.0000024283
  -0.0000760023    0.0015919566   -0.0015919566
   0.0002804342   -0.0000000000    0.0000002476
  -0.0000125232   -0.0000000000    0.0003315631
  -0.0002531514   -0.0000000000   -0.0000004054
  -0.0000116730   -0.0000000000   -0.0003340217
   0.0010180449    0.0000132853    0.0000132853
  -0.0000811399    0.0015881023    0.0015881023
  -0.0011868336   -0.0000024283   -0.0000024283
  -0.0000760023   -0.0015919566   -0.0015919566
  -0.0153002452    0.0001788752   -0.0000000000
   0.0060538774   -0.0128340396   -0.0000000000
   0.0024114268    0.0000017538   -0.0000000000
   0.0060872152    0.0128262730   -0.0000000000
  -0.0153002452   -0.0001788752   -0.0000000000
   0.0060538774    0.0128340396   -0.0000000000
   0.0024114268   -0.0000017538   -0.0000000000
   0.0060872152   -0.0128262730   -0.0000000000
  -0.0005789183    0.0000248887   -0.0000000000
  -0.0000252988    0.0019815793   -0.0000000000
   0.0006398375   -0.0000037151   -0.0000000000
  -0.0000305472   -0.0019817970   -0.0000000000
  -0.0005789183   -0.0000248887   -0.0000000000
  -0.0000252988   -0.0019815793   -0.0000000000
   0.0006398375    0.0000037151   -0.0000000000
  -0.0000305472    0.0019817970   -0.0000000000
  -0.0010764495   -0.0000211668    0.0000157111
   0.0000707798   -0.0018459477    0.0013061293
   0.0008099144    0.0000026780   -0.0000019732
   0.0000603136    0.0018423493   -0.0013002448
  -0.0010764495    0.0000211668    0.0000157111
   0.0000707798    0.0018459477    0.0013061293
   0.0008099144   -0.0000026780   -0.0000019732
   0.0000603136   -0.0018423493   -0.0013002448
  -0.0002028388    0.0000033942    0.0000020759
  -0.0000045166    0.0005903828    0.0002648672
   0.0002223464   -0.0000010405   -0.0000005004
  -0.0000053963   -0.0005938853   -0.0002658464
  -0.0002028388   -0.0000033942    0.0000020759
  -0.0000045166   -0.0005903828    0.0002648672
   0.0002223464    0.0000010405   -0.0000005004
  -0.0000053963    0.0005938853   -0.0002658464
  -0.0001570416   -0.0000019572    0.0000000000
  -0.0000065421   -0.0003307389    0.0000000000
   0.0002023647    0.0000005825    0.0000000000
  -0.0000073687    0.0003335846   -0.0000000000
  -0.0001570416    0.0000019572    0.0000000000
  -0.0000065421    0.0003307389    0.0000000000
   0.0002023647   -0.0000005825    0.0000000000
  -0.0000073687   -0.0003335846   -0.0000000000
  -0.0000596271    0.0000003477   -0.0000000000
   0.0000003419    0.0001617690    0.0000000000
   0.0000565888   -0.0000001954    0.0000000000
   0.0000000238   -0.0001624690    0.0000000000
  -0.0000596271   -0.0000003477    0.0000000000
   0.0000003419   -0.0001617690    0.0000000000
   0.0000565888    0.0000001954    0.0000000000
   0.0000000238    0.0001624690    0.0000000000
  -0.0010764495   -0.0000211668   -0.0000157111
   0.0000707798   -0.0018459477   -0.0013061293
   0.0008099144    0.0000026780    0.0000019732
   0.0000603136    0.0018423493    0.0013002448
  -0.0010764495    0.0000211668   -0.0000157111
   0.0000707798    0.0018459477   -0.0013061293
   0.0008099144   -0.0000026780    0.0000019732
   0.0000603136   -0.0018423493    0.0013002448
  -0.0002028388    0.0000033942   -0.0000020759
  -0.0000045166    0.0005903828   -0.0002648672
   0.0002223464   -0.0000010405    0.0000005004
  -0.0000053963   -0.0005938853    0.0002658464
  -0.0002028388   -0.0000033942   -0.0000020759
  -0.0000045166   -0.0005903828   -0.0002648672
   0.0002223464    0.0000010405    0.0000005004
  -0.0000053963    0.0005938853    0.0002658464
  -0.0153002452   -0.0000000000    0.0001788752
   0.0060538774   -0.0000000000   -0.0128340396
   0.0024114268   -0.0000000000    0.0000017538
   0.0060872152   -0.0000000000    0.0128262730
  -0.0010764495    0.0000157111   -0.0000211668
   0.0000707798    0.0013061293   -0.0018459477
   0.0008099144   -0.0000019732    0.0000026780
   0.0000603136   -0.0013002448    0.0018423493
  -0.0001570416   -0.0000000000   -0.0000019572
  -0.0000065421   -0.0000000000   -0.0003307389
   0.0002023647    0.0000000000    0.0000005825
  -0.0000073687   -0.0000000000    0.0003335846
  -0.0010764495   -0.0000157111   -0.0000211668
   0.0000707798   -0.0013061293   -0.0018459477
   0.0008099144    0.0000019732    0.0000026780
   0.0000603136    0.0013002448    0.0018423493
  -0.0153002452   -0.0000000000   -0.0001788752
   0.0060538774   -0.0000000000    0.0128340396
   0.0024114268   -0.0000000000   -0.0000017538
   0.0060872152   -0.0000000000   -0.0128262730
  -0.0010764495    0.0000157111    0.0000211668
   0.0000707798    0.0013061293    0.0018459477
   0.0008099144   -0.0000019732   -0.0000026780
   0.0000603136   -0.0013002448   -0.0018423493
  -0.0001570416    0.0000000000    0.0000019572
  -0.0000065421    0.0000000000    0.0003307389
   0.0002023647    0.0000000000   -0.0000005825
  -0.0000073687    0.0000000000   -0.0003335846
  -0.0010764495   -0.0000157111    0.0000211668
   0.0000707798   -0.0013061293    0.0018459477
   0.0008099144    0.0000019732   -0.0000026780
   0.0000603136    0.0013002448   -0.0018423493
  -0.0005789183   -0.0000000000    0.0000248887
  -0.0000252988   -0.0000000000    0.0019815793
   0.0006398375   -0.0000000000   -0.0000037151
  -0.0000305472   -0.0000000000   -0.0019817970
  -0.0002028388    0.0000020759    0.0000033942
  -0.0000045166    0.0002648672    0.0005903828
   0.0002223464   -0.0000005004   -0.0000010405
  -0.0000053963   -0.0002658464   -0.0005938853
  -0.0000596271   -0.0000000000    0.0000003477
   0.0000003419    0.0000000000    0.0001617690
   0.0000565888    0.0000000000   -0.0000001954
   0.0000000238    0.0000000000   -0.0001624690
  -0.0002028388   -0.0000020759    0.0000033942
  -0.0000045166   -0.0002648672    0.0005903828
   0.0002223464    0.0000005004   -0.0000010405
  -0.0000053963    0.0002658464   -0.0005938853
  -0.0005789183   -0.0000000000   -0.0000248887
  -0.0000252988   -0.0000000000   -0.0019815793
   0.0006398375   -0.0000000000    0.0000037151
  -0.0000305472   -0.0000000000    0.0019817970
  -0.0002028388    0.0000020759   -0.0000033942
  -0.0000045166    0.0002648672   -0.0005903828
   0.0002223464   -0.0000005004    0.0000010405
  -0.0000053963   -0.0002658464    0.0005938853
  -0.0000596271    0.0000000000   -0.0000003477
   0.0000003419   -0.0000000000   -0.0001617690
   0.0000565888    0.0000000000    0.0000001954
   0.0000000238   -0.0000000000    0.0001624690
  -0.0002028388   -0.0000020759   -0.0000033942
  -0.0000045166   -0.0002648672   -0.0005903828
   0.0002223464    0.0000005004    0.0000010405
  -0.0000053963    0.0002658464    0.0005938853
  -0.0171134237   -0.0000000000   -0.0000000000
  -0.0124878990   -0.0000000000   -0.0000000000
   0.0159812760   -0.0000000000   -0.0000000000
   0.0158614020   -0.0000000000   -0.0000000000
  -0.0027335604   -0.0014407596   -0.0000000000
  -0.0026816033    0.0014716478   -0.0000000000
   0.0027709425    0.0011431234   -0.0000000000
   0.0027676991   -0.0011473129   -0.0000000000
  -0.0005711273   -0.0000000000   -0.0000000000
  -0.0005626658    0.0000000000   -0.0000000000
   0.0005332161    0.0000000000   -0.0000000000
   0.0005351877    0.0000000000   -0.0000000000
  -0.0027335604    0.0014407596   -0.0000000000
  -0.0026816033   -0.0014716478   -0.0000000000
   0.0027709425   -0.0011431234   -0.0000000000
   0.0027676991    0.0011473129   -0.0000000000
  -0.0027335604   -0.0000000000   -0.0014407596
  -0.0026816033   -0.0000000000    0.0014716478
   0.0027709425   -0.0000000000    0.0011431234
   0.0027676991   -0.0000000000   -0.0011473129
  -0.0006903715   -0.0005812403   -0.0005812403
  -0.0006765707    0.0005830023    0.0005830023
   0.0007794270    0.0002704425    0.0002704425
   0.0007789141   -0.0002721671   -0.0002721671
  -0.0002098746    0.0000000000   -0.0000659134
  -0.0002076947    0.0000000000    0.0000652672
   0.0002013090    0.0000000000    0.0000756742
   0.0002014796   -0.0000000000   -0.0000764871
  -0.0006903715    0.0005812403   -0.0005812403
  -0.0006765707   -0.0005830023    0.0005830023
   0.0007794270   -0.0002704425    0.0002704425
   0.0007789141    0.0002721671   -0.0002721671
  -0.0005711273   -0.0000000000   -0.0000000000
  -0.0005626658   -0.0000000000    0.0000000000
   0.0005332161   -0.0000000000    0.0000000000
   0.0005351877   -0.0000000000    0.0000000000
  -0.0002098746   -0.0000659134    0.0000000000
  -0.0002076947    0.0000652672    0.0000000000
   0.0002013090    0.0000756742    0.0000000000
   0.0002014796   -0.0000764871    0.0000000000
  -0.0000453561   -0.0000000000   -0.0000000000
  -0.0000443809    0.0000000000    0.0000000000
   0.0000425215   -0.0000000000    0.0000000000
   0.0000423370   -0.0000000000    0.0000000000
  -0.0002098746    0.0000659134   -0.0000000000
  -0.0002076947   -0.0000652672   -0.0000000000
   0.0002013090   -0.0000756742    0.0000000000
   0.0002014796    0.0000764871   -0.0000000000
  -0.0027335604   -0.0000000000    0.0014407596
  -0.0026816033   -0.0000000000   -0.0014716478
   0.0027709425   -0.0000000000   -0.0011431234
   0.0027676991   -0.0000000000    0.0011473129
  -0.0006903715   -0.0005812403    0.0005812403
  -0.0006765707    0.0005830023   -0.0005830023
   0.0007794270    0.0002704425   -0.0002704425
   0.0007789141   -0.0002721671    0.0002721671
  -0.0002098746   -0.0000000000    0.0000659134
  -0.0002076947   -0.0000000000   -0.0000652672
   0.0002013090    0.0000000000   -0.0000756742
   0.0002014796   -0.0000000000    0.0000764871
  -0.0006903715    0.0005812403    0.0005812403
  -0.0006765707   -0.0005830023   -0.0005830023
   0.0007794270   -0.0002704425   -0.0002704425
   0.0007789141    0.0002721671    0.0002721671

129  
  0.0070710678118655   0.0070710678118655   0.0000000000000000
   0.0001174918    0.0060328556   -0.0026485560
   0.0002366842    0.0060620751    0.0025375150
  -0.0004009747    0.0007307407    0.0001777982
  -0.0003937906    0.0007267855   -0.0001730185
   0.0019308005   -0.0009887325    0.0011185564
  -0.0013751816   -0.0020293545    0.0021932959
  -0.0005734332   -0.0003280402    0.0004217852
   0.0000909391   -0.0000727465    0.0001484704
   0.0001024522   -0.0008932512   -0.0000395054
   0.0000997550   -0.0008941394    0.0000428355
  -0.0001012345   -0.0003110806    0.0000516105
  -0.0000998558   -0.0003097354   -0.0000504039
  -0.0013645484   -0.0020053328   -0.0021644622
   0.0019115928   -0.0009788823   -0.0011058559
   0.0000905756   -0.0000713222   -0.0001483579
  -0.0005681008   -0.0003242119   -0.0004174767
   0.0001174918    0.0060328556    0.0026485560
   0.0002366842    0.0060620751   -0.0025375150
  -0.0004009747    0.0007307407   -0.0001777982
  -0.0003937906    0.0007267855    0.0001730185
   0.0019308005   -0.0009887325   -0.0011185564
  -0.0013751816   -0.0020293545   -0.0021932959
  -0.0005734332   -0.0003280402   -0.0004217852
   0.0000909391   -0.0000727465   -0.0001484704
   0.0001024522   -0.0008932512    0.0000395054
   0.0000997550   -0.0008941394   -0.0000428355
  -0.0001012345   -0.0003110806   -0.0000516105
  -0.0000998558   -0.0003097354    0.0000504039
  -0.0013645484   -0.0020053328    0.0021644622
   0.0019115928   -0.0009788823    0.0011058559
   0.0000905756   -0.0000713222    0.0001483579
  -0.0005681008   -0.0003242119    0.0004174767
   0.0001253505    0.0007288587    0.0001092197
   0.0001231914    0.0007286575   -0.0001153996
  -0.0001218792    0.0002226860   -0.0000831498
  -0.0001210615    0.0002221416    0.0000818519
   0.0003547483   -0.0001722476   -0.0003018305
  -0.0002141087   -0.0002275494   -0.0003622062
  -0.0001888301   -0.0001176987   -0.0001630956
   0.0000324501   -0.0000144111   -0.0000584437
   0.0000296638   -0.0003102066    0.0000281582
   0.0000289419   -0.0003106059   -0.0000295527
  -0.0000294022   -0.0000916679   -0.0000235215
  -0.0000289693   -0.0000914030    0.0000229663
  -0.0002136674   -0.0002260198    0.0003597329
   0.0003535407   -0.0001704991    0.0002992821
   0.0000321802   -0.0000139786    0.0000578860
  -0.0001875000   -0.0001167223    0.0001615376
   0.0001253505    0.0007288587   -0.0001092197
   0.0001231914    0.0007286575    0.0001153996
  -0.0001218792    0.0002226860    0.0000831498
  -0.0001210615    0.0002221416   -0.0000818519
   0.0003547483   -0.0001722476    0.0003018305
  -0.0002141087   -0.0002275494    0.0003622062
  -0.0001888301   -0.0001176987    0.0001630956
   0.0000324501   -0.0000144111    0.0000584437
   0.0000296638   -0.0003102066   -0.0000281582
   0.0000289419   -0.0003106059    0.0000295527
  -0.0000294022   -0.0000916679    0.0000235215
  -0.0000289693   -0.0000914030   -0.0000229663
  -0.0002136674   -0.0002260198   -0.0003597329
   0.0003535407   -0.0001704991   -0.0002992821
   0.0000321802   -0.0000139786   -0.0000578860
  -0.0001875000   -0.0001167223   -0.0001615376
   0.0106736986    0.0114779091    0.0000000000
  -0.0134560040    0.0008809224    0.0000000000
  -0.0017138123    0.0004006484    0.0000000000
   0.0047848846    0.0029251675    0.0000000000
   0.0004124775   -0.0113221647    0.0000000000
  -0.0013880370   -0.0027794620    0.0000000000
  -0.0004554350   -0.0003784969    0.0000000000
   0.0014269976   -0.0011446408    0.0000000000
   0.0004063135   -0.0111973205    0.0000000000
   0.0014151296   -0.0011521357    0.0000000000
  -0.0004494912   -0.0003770110    0.0000000000
  -0.0013751794   -0.0027568694    0.0000000000
   0.0109482611    0.0094030708    0.0000000000
   0.0047749526    0.0029638551    0.0000000000
  -0.0016969191    0.0004010932    0.0000000000
  -0.0132763466    0.0008887052    0.0000000000
   0.0007622661    0.0019057324   -0.0091041987
  -0.0013535596    0.0000722760   -0.0022378833
  -0.0005746210    0.0001473308   -0.0002360823
   0.0012626362    0.0008928460   -0.0003846195
   0.0001440463   -0.0019598698   -0.0014076481
  -0.0004169516   -0.0007453760   -0.0006097884
  -0.0001576903   -0.0001427573   -0.0001151742
   0.0004237139   -0.0003593219   -0.0002319235
   0.0001428188   -0.0019566606    0.0013950391
   0.0004207122   -0.0003588840    0.0002302024
  -0.0001567592   -0.0001420624    0.0001140983
  -0.0004134473   -0.0007402563    0.0006029187
   0.0007602103    0.0019234981    0.0090416514
   0.0012527156    0.0008970467    0.0003802773
  -0.0005708506    0.0001479400    0.0002336863
  -0.0013472434    0.0000710842    0.0022134487
   0.0001110337    0.0004008941   -0.0000000000
  -0.0002304093    0.0001012221   -0.0000000000
  -0.0001431875    0.0000316601   -0.0000000000
   0.0002400502    0.0001938355   -0.0000000000
   0.0000423032   -0.0003778380   -0.0000000000
  -0.0001150230   -0.0001964946   -0.0000000000
  -0.0000401621   -0.0000301439   -0.0000000000
   0.0001147716   -0.0000887250   -0.0000000000
   0.0000420257   -0.0003776551   -0.0000000000
   0.0001142382   -0.0000884905   -0.0000000000
  -0.0000398704   -0.0000298600   -0.0000000000
  -0.0001145086   -0.0001959234   -0.0000000000
   0.0001110712    0.0004008324   -0.0000000000
   0.0002395492    0.0001941954   -0.0000000000
  -0.0001430102    0.0000317909   -0.0000000000
  -0.0002295127    0.0001012834   -0.0000000000
   0.0007622661    0.0019057324    0.0091041987
  -0.0013535596    0.0000722760    0.0022378833
  -0.0005746210    0.0001473308    0.0002360823
   0.0012626362    0.0008928460    0.0003846195
   0.0001440463   -0.0019598698    0.0014076481
  -0.0004169516   -0.0007453760    0.0006097884
  -0.0001576903   -0.0001427573    0.0001151742
   0.0004237139   -0.0003593219    0.0002319235
   0.0001428188   -0.0019566606   -0.0013950391
   0.0004207122   -0.0003588840   -0.0002302024
  -0.0001567592   -0.0001420624   -0.0001140983
  -0.0004134473   -0.0007402563   -0.0006029187
   0.0007602103    0.0019234981   -0.0090416514
   0.0012527156    0.0008970467   -0.0003802773
  -0.0005708506    0.0001479400   -0.0002336863
  -0.0013472434    0.0000710842   -0.0022134487
  -0.0372737042   -0.1290993612   -0.0000000000
   0.0009930502   -0.0048430648   -0.0000000000
   0.0005066860   -0.0009032025   -0.0000000000
   0.0009746807   -0.0047950391   -0.0000000000
   0.0006374429    0.0242282374   -0.0000000000
   0.0018692628    0.0030772717   -0.0000000000
   0.0003242183    0.0002553988   -0.0000000000
  -0.0009289795    0.0002690416   -0.0000000000
  -0.0001039639    0.0057223570   -0.0000000000
  -0.0000090725    0.0014662243   -0.0000000000
   0.0001381170    0.0003976708   -0.0000000000
  -0.0000113090    0.0014603256   -0.0000000000
   0.0005943008    0.0238873795   -0.0000000000
  -0.0009280615    0.0002641806   -0.0000000000
   0.0003204778    0.0002521937   -0.0000000000
   0.0018424060    0.0030252324   -0.0000000000
  -0.0005303559   -0.0048189495    0.0000093888
   0.0003874952   -0.0012059354    0.0006004480
   0.0001696907   -0.0003289906    0.0000004185
   0.0003874427   -0.0012031404   -0.0005994751
  -0.0001553091    0.0016669741    0.0013965049
   0.0003527114    0.0006750556    0.0004973000
   0.0001190671    0.0000934160    0.0000733530
  -0.0003004411    0.0000222704    0.0001567738
  -0.0000536629    0.0014632759    0.0000012590
   0.0000031668    0.0004959317    0.0000604350
   0.0000520080    0.0001286855    0.0000002078
   0.0000022278    0.0004942195   -0.0000592282
  -0.0001547110    0.0016510254   -0.0013880129
  -0.0002981651    0.0000184539   -0.0001553313
   0.0001180917    0.0000922418   -0.0000726355
   0.0003503916    0.0006675506   -0.0004923159
  -0.0000418532   -0.0009031828   -0.0000000000
  -0.0000191773   -0.0003292212    0.0000000000
   0.0000703545   -0.0000740520    0.0000000000
  -0.0000193217   -0.0003287514   -0.0000000000
  -0.0000269210    0.0002542018    0.0000000000
   0.0000735721    0.0001661488    0.0000000000
   0.0000422221    0.0000254870    0.0000000000
  -0.0000726930    0.0000201672   -0.0000000000
  -0.0000109791    0.0003976672   -0.0000000000
  -0.0000003283    0.0001288400   -0.0000000000
   0.0000110520    0.0000252976    0.0000000000
  -0.0000005660    0.0001285292   -0.0000000000
  -0.0000270396    0.0002533740   -0.0000000000
  -0.0000724198    0.0000194882    0.0000000000
   0.0000420311    0.0000250934    0.0000000000
   0.0000732857    0.0001655044    0.0000000000
  -0.0005303559   -0.0048189495   -0.0000093888
   0.0003874952   -0.0012059354   -0.0006004480
   0.0001696907   -0.0003289906   -0.0000004185
   0.0003874427   -0.0012031404    0.0005994751
  -0.0001553091    0.0016669741   -0.0013965049
   0.0003527114    0.0006750556   -0.0004973000
   0.0001190671    0.0000934160   -0.0000733530
  -0.0003004411    0.0000222704   -0.0001567738
  -0.0000536629    0.0014632759   -0.0000012590
   0.0000031668    0.0004959317   -0.0000604350
   0.0000520080    0.0001286855   -0.0000002078
   0.0000022278    0.0004942195    0.0000592282
  -0.0001547110    0.0016510254    0.0013880129
  -0.0002981651    0.0000184539    0.0001553313
   0.0001180917    0.0000922418    0.0000726355
   0.0003503916    0.0006675506    0.0004923159
  -0.0025782495    0.0068271441   -0.0178813979
   0.0015852156   -0.0000997553   -0.0028451973
   0.0003427199   -0.0001049429   -0.0002900253
  -0.0005965151   -0.0006809336   -0.0006560433
  -0.0001177322    0.0016728343   -0.0021109692
   0.0002907929    0.0005504357   -0.0006856748
   0.0001030818    0.0000958520   -0.0001288902
  -0.0003092088    0.0003019334   -0.0002842261
  -0.0001170113    0.0016587758    0.0020825719
  -0.0003080333    0.0003030481    0.0002828935
   0.0001021390    0.0000955350    0.0001274376
   0.0002897326    0.0005467923    0.0006784264
  -0.0025261509    0.0068681614    0.0177313666
  -0.0005928300   -0.0006844892    0.0006485167
   0.0003390372   -0.0001052719    0.0002862054
   0.0015677726   -0.0001011555    0.0028021758
  -0.0025782495    0.0068271441    0.0178813979
   0.0015852156   -0.0000997553    0.0028451973
   0.0003427199   -0.0001049429    0.0002900253
  -0.0005965151   -0.0006809336    0.0006560433
  -0.0001177322    0.0016728343    0.0021109692
   0.0002907929    0.0005504357    0.0006856748
   0.0001030818    0.0000958520    0.0001288902
  -0.0003092088    0.0003019334    0.0002842261
  -0.0001170113    0.0016587758   -0.0020825719
  -0.0003080333    0.0003030481   -0.0002828935
   0.0001021390    0.0000955350   -0.0001274376
   0.0002897326    0.0005467923   -0.0006784264
  -0.0025261509    0.0068681614   -0.0177313666
  -0.0005928300   -0.0006844892   -0.0006485167
   0.0003390372   -0.0001052719   -0.0002862054
   0.0015677726   -0.0001011555   -0.0028021758
  -0.0001178006   -0.0002686533    0.0021062920
   0.0001906443   -0.0000381759    0.0007865211
   0.0001028391   -0.0000306609    0.0001289036
  -0.0002091328   -0.0001531955    0.0001853157
  -0.0000289228    0.0003155879    0.0005642287
   0.0000809278    0.0001471770    0.0002614429
   0.0000337498    0.0000297295    0.0000519836
  -0.0000776694    0.0000736301    0.0001027582
  -0.0000286776    0.0003151741   -0.0005604996
  -0.0000771384    0.0000735343   -0.0001016693
   0.0000335256    0.0000295376   -0.0000514781
   0.0000802868    0.0001462686   -0.0002590160
  -0.0001169650   -0.0002711147   -0.0020872701
  -0.0002076785   -0.0001545647   -0.0001813438
   0.0001023906   -0.0000308243   -0.0001274305
   0.0001894563   -0.0000388296   -0.0007780420
  -0.0001178006   -0.0002686533   -0.0021062920
   0.0001906443   -0.0000381759   -0.0007865211
   0.0001028391   -0.0000306609   -0.0001289036
  -0.0002091328   -0.0001531955   -0.0001853157
  -0.0000289228    0.0003155879   -0.0005642287
   0.0000809278    0.0001471770   -0.0002614429
   0.0000337498    0.0000297295   -0.0000519836
  -0.0000776694    0.0000736301   -0.0001027582
  -0.0000286776    0.0003151741    0.0005604996
  -0.0000771384    0.0000735343    0.0001016693
   0.0000335256    0.0000295376    0.0000514781
   0.0000802868    0.0001462686    0.0002590160
  -0.0001169650   -0.0002711147    0.0020872701
  -0.0002076785   -0.0001545647    0.0001813438
   0.0001023906   -0.0000308243    0.0001274305
   0.0001894563   -0.0000388296    0.0007780420
  -0.0109595345   -0.0029383039   -0.0000000000
   0.0248942836    0.0167256400   -0.0000000000
   0.0037898928   -0.0001424823   -0.0000000000
  -0.0004339235   -0.0003935428   -0.0000000000
  -0.0023814732    0.0015458846   -0.0000000000
   0.0018392600    0.0018005390   -0.0000000000
   0.0008818014    0.0004181394   -0.0000000000
  -0.0002471351    0.0002137613   -0.0000000000
   0.0018144778    0.0017834107   -0.0000000000
  -0.0023518362    0.0015333924   -0.0000000000
  -0.0002467918    0.0002149674   -0.0000000000
   0.0008737343    0.0004146813   -0.0000000000
   0.0244174666    0.0164187479   -0.0000000000
  -0.0109573626   -0.0028124096   -0.0000000000
  -0.0004278109   -0.0003985547   -0.0000000000
   0.0037356847   -0.0001449712   -0.0000000000
  -0.0021367757   -0.0005949180    0.0007975500
   0.0013539285   -0.0001865789    0.0013833547
   0.0009124128   -0.0000388322    0.0003241817
  -0.0000586185   -0.0001524824    0.0000766380
  -0.0005807148    0.0003686023    0.0002422773
   0.0003876835    0.0004831157    0.0003579518
   0.0002925705    0.0001420506    0.0001162062
  -0.0000714111    0.0000788413    0.0000426447
   0.0003855263    0.0004820587   -0.0003562992
  -0.0005772688    0.0003684077   -0.0002412348
  -0.0000707204    0.0000787354   -0.0000422301
   0.0002901824    0.0001409846   -0.0001149440
   0.0013387944   -0.0001886699   -0.0013701324
  -0.0021223514   -0.0005961041   -0.0007913688
  -0.0000558030   -0.0001539883   -0.0000757092
   0.0009043702   -0.0000394670   -0.0003203881
  -0.0003939378   -0.0001072792    0.0000000000
   0.0001834160   -0.0001027102    0.0000000000
   0.0002243186   -0.0000171952   -0.0000000000
  -0.0000328077   -0.0000441643   -0.0000000000
  -0.0001593855    0.0000822573    0.0000000000
   0.0000977546    0.0001092490    0.0000000000
   0.0000815968    0.0000441758    0.0000000000
  -0.0000221647    0.0000152523    0.0000000000
   0.0000970874    0.0001091491    0.0000000000
  -0.0001584225    0.0000821129    0.0000000000
  -0.0000220296    0.0000151669    0.0000000000
   0.0000811322    0.0000439388    0.0000000000
   0.0001825776   -0.0001030271    0.0000000000
  -0.0003924974   -0.0001074068    0.0000000000
  -0.0000321279   -0.0000443345   -0.0000000000
   0.0002234069   -0.0000172757    0.0000000000
  -0.0021367757   -0.0005949180   -0.0007975500
   0.0013539285   -0.0001865789   -0.0013833547
   0.0009124128   -0.0000388322   -0.0003241817
  -0.0000586185   -0.0001524824   -0.0000766380
  -0.0005807148    0.0003686023   -0.0002422773
   0.0003876835    0.0004831157   -0.0003579518
   0.0002925705    0.0001420506   -0.0001162062
  -0.0000714111    0.0000788413   -0.0000426447
   0.0003855263    0.0004820587    0.0003562992
  -0.0005772688    0.0003684077    0.0002412348
  -0.0000707204    0.0000787354    0.0000422301
   0.0002901824    0.0001409846    0.0001149440
   0.0013387944   -0.0001886699    0.0013701324
  -0.0021223514   -0.0005961041    0.0007913688
  -0.0000558030   -0.0001539883    0.0000757092
   0.0009043702   -0.0000394670    0.0003203881

129  
 -0.0070710678118655  -0.0070710678118655   0.0000000000000000
  -0.0002366842   -0.0060620751    0.0025375150
  -0.0001174918   -0.0060328556   -0.0026485560
   0.0003937906   -0.0007267855   -0.0001730185
   0.0004009747   -0.0007307407    0.0001777982
  -0.0019115928    0.0009788823   -0.0011058559
   0.0013645484    0.0020053328   -0.0021644622
   0.0005681008    0.0003242119   -0.0004174767
  -0.0000905756    0.0000713222   -0.0001483579
  -0.0000997550    0.0008941394    0.0000428355
  -0.0001024522    0.0008932512   -0.0000395054
   0.0000998558    0.0003097354   -0.0000504039
   0.0001012345    0.0003110806    0.0000516105
   0.0013751816    0.0020293545    0.0021932959
  -0.0019308005    0.0009887325    0.0011185564
  -0.0000909391    0.0000727465    0.0001484704
   0.0005734332    0.0003280402    0.0004217852
  -0.0002366842   -0.0060620751   -0.0025375150
  -0.0001174918   -0.0060328556    0.0026485560
   0.0003937906   -0.0007267855    0.0001730185
   0.0004009747   -0.0007307407   -0.0001777982
  -0.0019115928    0.0009788823    0.0011058559
   0.0013645484    0.0020053328    0.0021644622
   0.0005681008    0.0003242119    0.0004174767
  -0.0000905756    0.0000713222    0.0001483579
  -0.0000997550    0.0008941394   -0.0000428355
  -0.0001024522    0.0008932512    0.0000395054
   0.0000998558    0.0003097354    0.0000504039
   0.0001012345    0.0003110806   -0.0000516105
   0.0013751816    0.0020293545   -0.0021932959
  -0.0019308005    0.0009887325   -0.0011185564
  -0.0000909391    0.0000727465   -0.0001484704
   0.0005734332    0.0003280402   -0.0004217852
  -0.0001231914   -0.0007286575   -0.0001153996
  -0.0001253505   -0.0007288587    0.0001092197
   0.0001210615   -0.0002221416    0.0000818519
   0.0001218792   -0.0002226860   -0.0000831498
  -0.0003535407    0.0001704991    0.0002992821
   0.0002136674    0.0002260198    0.0003597329
   0.0001875000    0.0001167223    0.0001615376
  -0.0000321802    0.0000139786    0.0000578860
  -0.0000289419    0.0003106059   -0.0000295527
  -0.0000296638    0.0003102066    0.0000281582
   0.0000289693    0.0000914030    0.0000229663
   0.0000294022    0.0000916679   -0.0000235215
   0.0002141087    0.0002275494   -0.0003622062
  -0.0003547483    0.0001722476   -0.0003018305
  -0.0000324501    0.0000144111   -0.0000584437
   0.0001888301    0.0001176987   -0.0001630956
  -0.0001231914   -0.0007286575    0.0001153996
  -0.0001253505   -0.0007288587   -0.0001092197
   0.0001210615   -0.0002221416   -0.0000818519
   0.0001218792   -0.0002226860    0.0000831498
  -0.0003535407    0.0001704991   -0.0002992821
   0.0002136674    0.0002260198   -0.0003597329
   0.0001875000    0.0001167223   -0.0001615376
  -0.0000321802    0.0000139786   -0.0000578860
  -0.0000289419    0.0003106059    0.0000295527
  -0.0000296638    0.0003102066   -0.0000281582
   0.0000289693    0.0000914030   -0.0000229663
   0.0000294022    0.0000916679    0.0000235215
   0.0002141087    0.0002275494    0.0003622062
  -0.0003547483    0.0001722476    0.0003018305
  -0.0000324501    0.0000144111    0.0000584437
   0.0001888301    0.0001176987    0.0001630956
  -0.0109482611   -0.0094030708    0.0000000000
   0.0132763466   -0.0008887052    0.0000000000
   0.0016969191   -0.0004010932    0.0000000000
  -0.0047749526   -0.0029638551    0.0000000000
  -0.0004063135    0.0111973205    0.0000000000
   0.0013751794    0.0027568694    0.0000000000
   0.0004494912    0.0003770110    0.0000000000
  -0.0014151296    0.0011521357    0.0000000000
  -0.0004124775    0.0113221647    0.0000000000
  -0.0014269976    0.0011446408    0.0000000000
   0.0004554350    0.0003784969    0.0000000000
   0.0013880370    0.0027794620    0.0000000000
  -0.0106736986   -0.0114779091    0.0000000000
  -0.0047848846   -0.0029251675    0.0000000000
   0.0017138123   -0.0004006484    0.0000000000
   0.0134560040   -0.0008809224    0.0000000000
  -0.0007602103   -0.0019234981    0.0090416514
   0.0013472434   -0.0000710842    0.0022134487
   0.0005708506   -0.0001479400    0.0002336863
  -0.0012527156   -0.0008970467    0.0003802773
  -0.0001428188    0.0019566606    0.0013950391
   0.0004134473    0.0007402563    0.0006029187
   0.0001567592    0.0001420624    0.0001140983
  -0.0004207122    0.0003588840    0.0002302024
  -0.0001440463    0.0019598698   -0.0014076481
  -0.0004237139    0.0003593219   -0.0002319235
   0.0001576903    0.0001427573   -0.0001151742
   0.0004169516    0.0007453760   -0.0006097884
  -0.0007622661   -0.0019057324   -0.0091041987
  -0.0012626362   -0.0008928460   -0.0003846195
   0.0005746210   -0.0001473308   -0.0002360823
   0.0013535596   -0.0000722760   -0.0022378833
  -0.0001110712   -0.0004008324   -0.0000000000
   0.0002295127   -0.0001012834   -0.0000000000
   0.0001430102   -0.0000317909   -0.0000000000
  -0.0002395492   -0.0001941954   -0.0000000000
  -0.0000420257    0.0003776551   -0.0000000000
   0.0001145086    0.0001959234   -0.0000000000
   0.0000398704    0.0000298600   -0.0000000000
  -0.0001142382    0.0000884905   -0.0000000000
  -0.0000423032    0.0003778380   -0.0000000000
  -0.0001147716    0.0000887250   -0.0000000000
   0.0000401621    0.0000301439   -0.0000000000
   0.0001150230    0.0001964946   -0.0000000000
  -0.0001110337   -0.0004008941   -0.0000000000
  -0.0002400502   -0.0001938355   -0.0000000000
   0.0001431875   -0.0000316601   -0.0000000000
   0.0002304093   -0.0001012221   -0.0000000000
  -0.0007602103   -0.0019234981   -0.0090416514
   0.0013472434   -0.0000710842   -0.0022134487
   0.0005708506   -0.0001479400   -0.0002336863
  -0.0012527156   -0.0008970467   -0.0003802773
  -0.0001428188    0.0019566606   -0.0013950391
   0.0004134473    0.0007402563   -0.0006029187
   0.0001567592    0.0001420624   -0.0001140983
  -0.0004207122    0.0003588840   -0.0002302024
  -0.0001440463    0.0019598698    0.0014076481
  -0.0004237139    0.0003593219    0.0002319235
   0.0001576903    0.0001427573    0.0001151742
   0.0004169516    0.0007453760    0.0006097884
  -0.0007622661   -0.0019057324    0.0091041987
  -0.0012626362   -0.0008928460    0.0003846195
   0.0005746210   -0.0001473308    0.0002360823
   0.0013535596   -0.0000722760    0.0022378833
   0.0372737042    0.1290993612   -0.0000000000
  -0.0009746807    0.0047950391   -0.0000000000
  -0.0005066860    0.0009032025   -0.0000000000
  -0.0009930502    0.0048430648   -0.0000000000
  -0.0005943008   -0.0238873795   -0.0000000000
  -0.0018424060   -0.0030252324   -0.0000000000
  -0.0003204778   -0.0002521937   -0.0000000000
   0.0009280615   -0.0002641806   -0.0000000000
   0.0001039639   -0.0057223570   -0.0000000000
   0.0000113090   -0.0014603256   -0.0000000000
  -0.0001381170   -0.0003976708   -0.0000000000
   0.0000090725   -0.0014662243   -0.0000000000
  -0.0006374429   -0.0242282374   -0.0000000000
   0.0009289795   -0.0002690416   -0.0000000000
  -0.0003242183   -0.0002553988   -0.0000000000
  -0.0018692628   -0.0030772717   -0.0000000000
   0.0005303559    0.0048189495    0.0000093888
  -0.0003874427    0.0012031404   -0.0005994751
  -0.0001696907    0.0003289906    0.0000004185
  -0.0003874952    0.0012059354    0.0006004480
   0.0001547110   -0.0016510254   -0.0013880129
  -0.0003503916   -0.0006675506   -0.0004923159
  -0.0001180917   -0.0000922418   -0.0000726355
   0.0002981651   -0.0000184539   -0.0001553313
   0.0000536629   -0.0014632759    0.0000012590
  -0.0000022278   -0.0004942195   -0.0000592282
  -0.0000520080   -0.0001286855    0.0000002078
  -0.0000031668   -0.0004959317    0.0000604350
   0.0001553091   -0.0016669741    0.0013965049
   0.0003004411   -0.0000222704    0.0001567738
  -0.0001190671   -0.0000934160    0.0000733530
  -0.0003527114   -0.0006750556    0.0004973000
   0.0000418532    0.0009031828   -0.0000000000
   0.0000193217    0.0003287514    0.0000000000
  -0.0000703545    0.0000740520    0.0000000000
   0.0000191773    0.0003292212    0.0000000000
   0.0000270396   -0.0002533740    0.0000000000
  -0.0000732857   -0.0001655044    0.0000000000
  -0.0000420311   -0.0000250934    0.0000000000
   0.0000724198   -0.0000194882    0.0000000000
   0.0000109791   -0.0003976672   -0.0000000000
   0.0000005660   -0.0001285292    0.0000000000
  -0.0000110520   -0.0000252976    0.0000000000
   0.0000003283   -0.0001288400    0.0000000000
   0.0000269210   -0.0002542018    0.0000000000
   0.0000726930   -0.0000201672    0.0000000000
  -0.0000422221   -0.0000254870    0.0000000000
  -0.0000735721   -0.0001661488    0.0000000000
   0.0005303559    0.0048189495   -0.0000093888
  -0.0003874427    0.0012031404    0.0005994751
  -0.0001696907    0.0003289906   -0.0000004185
  -0.0003874952    0.0012059354   -0.0006004480
   0.0001547110   -0.0016510254    0.0013880129
  -0.0003503916   -0.0006675506    0.0004923159
  -0.0001180917   -0.0000922418    0.0000726355
   0.0002981651   -0.0000184539    0.0001553313
   0.0000536629   -0.0014632759   -0.0000012590
  -0.0000022278   -0.0004942195    0.0000592282
  -0.0000520080   -0.0001286855   -0.0000002078
  -0.0000031668   -0.0004959317   -0.0000604350
   0.0001553091   -0.0016669741   -0.0013965049
   0.0003004411   -0.0000222704   -0.0001567738
  -0.0001190671   -0.0000934160   -0.0000733530
  -0.0003527114   -0.0006750556   -0.0004973000
   0.0025261509   -0.0068681614    0.0177313666
  -0.0015677726    0.0001011555    0.0028021758
  -0.0003390372    0.0001052719    0.0002862054
   0.0005928300    0.0006844892    0.0006485167
   0.0001170113   -0.0016587758    0.0020825719
  -0.0002897326   -0.0005467923    0.0006784264
  -0.0001021390   -0.0000955350    0.0001274376
   0.0003080333   -0.0003030481    0.0002828935
   0.0001177322   -0.0016728343   -0.0021109692
   0.0003092088   -0.0003019334   -0.0002842261
  -0.0001030818   -0.0000958520   -0.0001288902
  -0.0002907929   -0.0005504357   -0.0006856748
   0.0025782495   -0.0068271441   -0.0178813979
   0.0005965151    0.0006809336   -0.0006560433
  -0.0003427199    0.0001049429   -0.0002900253
  -0.0015852156    0.0000997553   -0.0028451973
   0.0025261509   -0.0068681614   -0.0177313666
  -0.0015677726    0.0001011555   -0.0028021758
  -0.0003390372    0.0001052719   -0.0002862054
   0.0005928300    0.0006844892   -0.0006485167
   0.0001170113   -0.0016587758   -0.0020825719
  -0.0002897326   -0.0005467923   -0.0006784264
  -0.0001021390   -0.0000955350   -0.0001274376
   0.0003080333   -0.0003030481   -0.0002828935
   0.0001177322   -0.0016728343    0.0021109692
   0.0003092088   -0.0003019334    0.0002842261
  -0.0001030818   -0.0000958520    0.0001288902
  -0.0002907929   -0.0005504357    0.0006856748
   0.0025782495   -0.0068271441    0.0178813979
   0.0005965151    0.0006809336    0.0006560433
  -0.0003427199    0.0001049429    0.0002900253
  -0.0015852156    0.0000997553    0.0028451973
   0.0001169650    0.0002711147   -0.0020872701
  -0.0001894563    0.0000388296   -0.0007780420
  -0.0001023906    0.0000308243   -0.0001274305
   0.0002076785    0.0001545647   -0.0001813438
   0.0000286776   -0.0003151741   -0.0005604996
  -0.0000802868   -0.0001462686   -0.0002590160
  -0.0000335256   -0.0000295376   -0.0000514781
   0.0000771384   -0.0000735343   -0.0001016693
   0.0000289228   -0.0003155879    0.0005642287
   0.0000776694   -0.0000736301    0.0001027582
  -0.0000337498   -0.0000297295    0.0000519836
  -0.0000809278   -0.0001471770    0.0002614429
   0.0001178006    0.0002686533    0.0021062920
   0.0002091328    0.0001531955    0.0001853157
  -0.0001028391    0.0000306609    0.0001289036
  -0.0001906443    0.0000381759    0.0007865211
   0.0001169650    0.0002711147    0.0020872701
  -0.0001894563    0.0000388296    0.0007780420
  -0.0001023906    0.0000308243    0.0001274305
   0.0002076785    0.0001545647    0.0001813438
   0.0000286776   -0.0003151741    0.0005604996
  -0.0000802868   -0.0001462686    0.0002590160
  -0.0000335256   -0.0000295376    0.0000514781
   0.0000771384   -0.0000735343    0.0001016693
   0.0000289228   -0.0003155879   -0.0005642287
   0.0000776694   -0.0000736301   -0.0001027582
  -0.0000337498   -0.0000297295   -0.0000519836
  -0.0000809278   -0.0001471770   -0.0002614429
   0.0001178006    0.0002686533   -0.0021062920
   0.0002091328    0.0001531955   -0.0001853157
  -0.0001028391    0.0000306609   -0.0001289036
  -0.0001906443    0.0000381759   -0.0007865211
   0.0109573626    0.0028124096   -0.0000000000
  -0.0244174666   -0.0164187479   -0.0000000000
  -0.0037356847    0.0001449712   -0.0000000000
   0.0004278109    0.0003985547   -0.0000000000
   0.0023518362   -0.0015333924   -0.0000000000
  -0.0018144778   -0.0017834107   -0.0000000000
  -0.0008737343   -0.0004146813   -0.0000000000
   0.0002467918   -0.0002149674   -0.0000000000
  -0.0018392600   -0.0018005390   -0.0000000000
   0.0023814732   -0.0015458846   -0.0000000000
   0.0002471351   -0.0002137613   -0.0000000000
  -0.0008818014   -0.0004181394   -0.0000000000
  -0.0248942836   -0.0167256400   -0.0000000000
   0.0109595345    0.0029383039   -0.0000000000
   0.0004339235    0.0003935428   -0.0000000000
  -0.0037898928    0.0001424823   -0.0000000000
   0.0021223514    0.0005961041   -0.0007913688
  -0.0013387944    0.0001886699   -0.0013701324
  -0.0009043702    0.0000394670   -0.0003203881
   0.0000558030    0.0001539883   -0.0000757092
   0.0005772688   -0.0003684077   -0.0002412348
  -0.0003855263   -0.0004820587   -0.0003562992
  -0.0002901824   -0.0001409846   -0.0001149440
   0.0000707204   -0.0000787354   -0.0000422301
  -0.0003876835   -0.0004831157    0.0003579518
   0.0005807148   -0.0003686023    0.0002422773
   0.0000714111   -0.0000788413    0.0000426447
  -0.0002925705   -0.0001420506    0.0001162062
  -0.0013539285    0.0001865789    0.0013833547
   0.0021367757    0.0005949180    0.0007975500
   0.0000586185    0.0001524824    0.0000766380
  -0.0009124128    0.0000388322    0.0003241817
   0.0003924974    0.0001074068    0.0000000000
  -0.0001825776    0.0001030271    0.0000000000
  -0.0002234069    0.0000172757    0.0000000000
   0.0000321279    0.0000443345   -0.0000000000
   0.0001584225   -0.0000821129    0.0000000000
  -0.0000970874   -0.0001091491    0.0000000000
  -0.0000811322   -0.0000439388    0.0000000000
   0.0000220296   -0.0000151669    0.0000000000
  -0.0000977546   -0.0001092490    0.0000000000
   0.0001593855   -0.0000822573    0.0000000000
   0.0000221647   -0.0000152523    0.0000000000
  -0.0000815968   -0.0000441758    0.0000000000
  -0.0001834160    0.0001027102    0.0000000000
   0.0003939378    0.0001072792    0.0000000000
   0.0000328077    0.0000441643    0.0000000000
  -0.0002243186    0.0000171952    0.0000000000
   0.0021223514    0.0005961041    0.0007913688
  -0.0013387944    0.0001886699    0.0013701324
  -0.0009043702    0.0000394670    0.0003203881
   0.0000558030    0.0001539883    0.0000757092
   0.0005772688   -0.0003684077    0.0002412348
  -0.0003855263   -0.0004820587    0.0003562992
  -0.0002901824   -0.0001409846    0.0001149440
   0.0000707204   -0.0000787354    0.0000422301
  -0.0003876835   -0.0004831157   -0.0003579518
   0.0005807148   -0.0003686023   -0.0002422773
   0.0000714111   -0.0000788413   -0.0000426447
  -0.0002925705   -0.0001420506   -0.0001162062
  -0.0013539285    0.0001865789   -0.0013833547
   0.0021367757    0.0005949180   -0.0007975500
   0.0000586185    0.0001524824   -0.0000766380
  -0.0009124128    0.0000388322   -0.0003241817
